chr22	16192759	16193259	0	500	+	0	0	500	0.0000000
chr22	16197565	16198065	1	500	+	0	0	500	0.0000000
chr22	16204925	16205425	2	500	+	0	0	500	0.0000000
chr22	16231039	16231539	3	500	+	0	0	500	0.0000000
chr22	16263325	16263825	4	500	+	0	0	500	0.0000000
chr22	16287687	16288187	5	500	+	0	0	500	0.0000000
chr22	16449554	16450054	6	500	+	0	0	500	0.0000000
chr22	16928205	16928705	7	500	+	2	37	500	0.0740000
chr22	17030525	17031025	8	500	+	1	36	500	0.0720000
chr22	17038205	17038705	9	500	+	3	90	500	0.1800000
chr22	17049445	17049945	10	500	+	6	134	500	0.2680000
chr22	17067005	17067605	11	600	+	1	36	600	0.0600000
chr22	17067825	17068345	12	520	+	7	158	520	0.3038462
chr22	17068605	17069105	13	500	+	0	0	500	0.0000000
chr22	17073450	17073950	14	500	+	4	125	500	0.2500000
chr22	17080325	17081105	15	780	+	16	243	780	0.3115385
chr22	17081265	17081885	16	620	+	46	418	620	0.6741936
chr22	17081945	17083145	17	1200	+	82	677	1200	0.5641667
chr22	17083825	17085245	18	1420	+	162	602	1420	0.4239437
chr22	17085385	17086045	19	660	+	19	237	660	0.3590909
chr22	17086065	17086725	20	660	+	1	36	660	0.0545455
chr22	17096625	17097465	21	840	+	2	40	840	0.0476190
chr22	17098345	17098845	22	500	+	0	0	500	0.0000000
chr22	17105285	17105825	23	540	+	2	72	540	0.1333333
chr22	17132565	17133065	24	500	+	1	36	500	0.0720000
chr22	17134965	17135465	25	500	+	5	149	500	0.2980000
chr22	17136305	17136805	26	500	+	1	36	500	0.0720000
chr22	17137225	17137725	27	500	+	2	70	500	0.1400000
chr22	17138805	17139305	28	500	+	0	0	500	0.0000000
chr22	17156180	17156680	29	500	+	2	36	500	0.0720000
chr22	17198765	17199325	30	560	+	3	105	560	0.1875000
chr22	17217485	17217985	31	500	+	0	0	500	0.0000000
chr22	17228285	17228805	32	520	+	0	0	520	0.0000000
chr22	17229078	17229578	33	500	+	1	36	500	0.0720000
chr22	17239545	17240045	34	500	+	1	36	500	0.0720000
chr22	17255425	17256405	35	980	+	11	278	980	0.2836735
chr22	17256825	17257325	36	500	+	0	0	500	0.0000000
chr22	17262245	17262765	37	520	+	22	342	520	0.6576923
chr22	17264625	17265145	38	520	+	9	219	520	0.4211538
chr22	17276325	17276825	39	500	+	9	123	500	0.2460000
chr22	17289265	17289765	40	500	+	4	144	500	0.2880000
chr22	17296345	17296845	41	500	+	0	0	500	0.0000000
chr22	17302339	17302839	42	500	+	0	0	500	0.0000000
chr22	17306045	17306645	43	600	+	15	327	600	0.5450000
chr22	17308113	17308613	44	500	+	1	36	500	0.0720000
chr22	17372825	17373325	45	500	+	0	0	500	0.0000000
chr22	17398225	17398745	46	520	+	3	96	520	0.1846154
chr22	17403065	17403565	47	500	+	2	72	500	0.1440000
chr22	17488862	17489362	48	500	+	0	0	500	0.0000000
chr22	17505185	17505685	49	500	+	0	0	500	0.0000000
chr22	17514965	17515465	50	500	+	2	71	500	0.1420000
chr22	17517209	17517709	51	500	+	0	0	500	0.0000000
chr22	17518105	17519005	52	900	+	10	181	900	0.2011111
chr22	17519145	17519645	53	500	+	3	86	500	0.1720000
chr22	17538985	17539505	54	520	+	1	36	520	0.0692308
chr22	17544525	17545025	55	500	+	3	105	500	0.2100000
chr22	17548965	17549465	56	500	+	1	36	500	0.0720000
chr22	17555705	17556225	57	520	+	0	0	520	0.0000000
chr22	17565485	17566098	58	613	+	38	536	613	0.8743883
chr22	17568545	17569065	59	520	+	5	166	520	0.3192308
chr22	17579325	17579825	60	500	+	3	80	500	0.1600000
chr22	17583125	17583645	61	520	+	7	145	520	0.2788461
chr22	17601145	17601645	62	500	+	1	36	500	0.0720000
chr22	17602007	17602734	63	727	+	0	0	727	0.0000000
chr22	17636745	17637265	64	520	+	0	0	520	0.0000000
chr22	17639305	17640528	65	1223	+	25	575	1223	0.4701554
chr22	17645927	17646427	66	500	+	3	108	500	0.2160000
chr22	17651945	17652465	67	520	+	16	293	520	0.5634615
chr22	17652565	17653365	68	800	+	22	453	800	0.5662500
chr22	17671985	17672545	69	560	+	0	0	560	0.0000000
chr22	17679445	17680025	70	580	+	4	124	580	0.2137931
chr22	17682045	17682585	71	540	+	1	36	540	0.0666667
chr22	17684165	17684805	72	640	+	2	72	640	0.1125000
chr22	17694805	17695365	73	560	+	1	36	560	0.0642857
chr22	17700225	17700725	74	500	+	3	108	500	0.2160000
chr22	17724245	17724765	75	520	+	1	36	520	0.0692308
chr22	17738925	17739525	76	600	+	1	36	600	0.0600000
chr22	17741705	17742285	77	580	+	5	151	580	0.2603448
chr22	17747373	17747873	78	500	+	2	72	500	0.1440000
chr22	17749305	17749965	79	660	+	1	36	660	0.0545455
chr22	17756265	17756825	80	560	+	1	36	560	0.0642857
chr22	17788365	17788865	81	500	+	4	144	500	0.2880000
chr22	17796145	17796865	82	720	+	8	288	720	0.4000000
chr22	17800385	17800905	83	520	+	3	81	520	0.1557692
chr22	17819905	17820405	84	500	+	4	89	500	0.1780000
chr22	17827845	17828385	85	540	+	3	95	540	0.1759259
chr22	17839365	17839865	86	500	+	4	144	500	0.2880000
chr22	17840325	17841088	87	763	+	8	252	763	0.3302752
chr22	17847245	17848245	88	1000	+	8	235	1000	0.2350000
chr22	17848445	17848965	89	520	+	4	118	520	0.2269231
chr22	17849445	17850005	90	560	+	3	108	560	0.1928571
chr22	17851345	17851905	91	560	+	2	72	560	0.1285714
chr22	17854005	17854505	92	500	+	3	88	500	0.1760000
chr22	17856805	17857385	93	580	+	0	0	580	0.0000000
chr22	17859165	17860085	94	920	+	6	167	920	0.1815217
chr22	17864765	17865285	95	520	+	2	49	520	0.0942308
chr22	17869945	17870445	96	500	+	2	72	500	0.1440000
chr22	17890245	17890765	97	520	+	3	93	520	0.1788462
chr22	17891925	17892465	98	540	+	3	108	540	0.2000000
chr22	17893105	17893605	99	500	+	0	0	500	0.0000000
chr22	17900665	17901385	100	720	+	2	72	720	0.1000000
chr22	17902025	17902525	101	500	+	3	104	500	0.2080000
chr22	17909505	17910005	102	500	+	3	87	500	0.1740000
chr22	17910165	17910665	103	500	+	2	72	500	0.1440000
chr22	17912545	17913065	104	520	+	3	108	520	0.2076923
chr22	17915625	17916605	105	980	+	7	174	980	0.1775510
chr22	17917145	17917645	106	500	+	0	0	500	0.0000000
chr22	17921725	17922325	107	600	+	2	72	600	0.1200000
chr22	17922505	17923005	108	500	+	3	108	500	0.2160000
chr22	17928665	17929225	109	560	+	2	52	560	0.0928571
chr22	17936705	17937205	110	500	+	1	36	500	0.0720000
chr22	17938865	17939365	111	500	+	0	0	500	0.0000000
chr22	17945845	17946425	112	580	+	2	38	580	0.0655172
chr22	17948345	17948845	113	500	+	2	72	500	0.1440000
chr22	17949285	17949785	114	500	+	1	36	500	0.0720000
chr22	17950805	17951345	115	540	+	1	36	540	0.0666667
chr22	17955845	17956345	116	500	+	2	72	500	0.1440000
chr22	17956365	17956925	117	560	+	3	108	560	0.1928571
chr22	17965205	17965785	118	580	+	3	101	580	0.1741379
chr22	17980625	17981145	119	520	+	3	76	520	0.1461539
chr22	18009205	18009705	120	500	+	1	37	500	0.0740000
chr22	18038045	18038565	121	520	+	5	106	520	0.2038462
chr22	18042105	18043388	122	1283	+	8	227	1283	0.1769291
chr22	18049605	18050105	123	500	+	5	153	500	0.3060000
chr22	18051085	18051645	124	560	+	12	302	560	0.5392857
chr22	18056505	18057025	125	520	+	9	201	520	0.3865385
chr22	18060845	18061345	126	500	+	4	113	500	0.2260000
chr22	18062905	18063405	127	500	+	5	127	500	0.2540000
chr22	18071708	18072208	128	500	+	0	0	500	0.0000000
chr22	18106345	18106845	129	500	+	2	54	500	0.1080000
chr22	18111338	18112145	130	807	+	317	807	807	1.0000000
chr22	18114005	18114505	131	500	+	6	146	500	0.2920000
chr22	18114565	18115385	132	820	+	23	401	820	0.4890244
chr22	18115825	18116325	133	500	+	137	500	500	1.0000000
chr22	18116485	18116985	134	500	+	91	498	500	0.9960000
chr22	18117445	18117985	135	540	+	12	246	540	0.4555556
chr22	18120105	18120765	136	660	+	79	447	660	0.6772727
chr22	18121099	18121705	137	606	+	364	606	606	1.0000000
chr22	18122085	18122785	138	700	+	244	541	700	0.7728571
chr22	18155285	18156285	139	1000	+	70	769	1000	0.7690000
chr22	18156585	18157145	140	560	+	17	319	560	0.5696428
chr22	18189225	18189765	141	540	+	12	215	540	0.3981481
chr22	18195185	18195725	142	540	+	6	141	540	0.2611111
chr22	18204765	18205265	143	500	+	5	169	500	0.3380000
chr22	18207525	18208045	144	520	+	13	246	520	0.4730769
chr22	18213205	18213805	145	600	+	4	102	600	0.1700000
chr22	18225125	18225625	146	500	+	8	171	500	0.3420000
chr22	18255925	18256445	147	520	+	11	249	520	0.4788462
chr22	18256485	18256985	148	500	+	13	299	500	0.5980000
chr22	18257011	18257605	149	594	+	14	349	594	0.5875421
chr22	18259805	18260445	150	640	+	60	566	640	0.8843750
chr22	18262105	18262625	151	520	+	6	149	520	0.2865385
chr22	18264005	18264505	152	500	+	6	152	500	0.3040000
chr22	18267905	18268445	153	540	+	6	180	540	0.3333333
chr22	18269125	18270105	154	980	+	92	841	980	0.8581632
chr22	18271185	18271765	155	580	+	9	248	580	0.4275862
chr22	18275685	18276225	156	540	+	4	143	540	0.2648148
chr22	18280845	18281365	157	520	+	7	206	520	0.3961538
chr22	18285565	18286105	158	540	+	6	189	540	0.3500000
chr22	18312685	18313185	159	500	+	3	99	500	0.1980000
chr22	18330105	18330625	160	520	+	1	36	520	0.0692308
chr22	18335865	18336425	161	560	+	3	73	560	0.1303571
chr22	18350045	18350605	162	560	+	4	110	560	0.1964286
chr22	18355205	18355705	163	500	+	0	0	500	0.0000000
chr22	18371545	18372085	164	540	+	5	151	540	0.2796296
chr22	18372985	18373505	165	520	+	5	146	520	0.2807692
chr22	18374385	18374885	166	500	+	6	168	500	0.3360000
chr22	18389402	18389902	167	500	+	3	99	500	0.1980000
chr22	18393265	18393785	168	520	+	6	176	520	0.3384615
chr22	18396585	18397145	169	560	+	1	36	560	0.0642857
chr22	18398885	18399385	170	500	+	40	400	500	0.8000000
chr22	18400325	18400825	171	500	+	41	410	500	0.8200000
chr22	18402985	18403505	172	520	+	18	302	520	0.5807692
chr22	18403725	18404225	173	500	+	5	148	500	0.2960000
chr22	18404665	18405165	174	500	+	2	56	500	0.1120000
chr22	18405845	18406345	175	500	+	2	72	500	0.1440000
chr22	18433245	18433745	176	500	+	3	66	500	0.1320000
chr22	18448185	18448725	177	540	+	2	72	540	0.1333333
chr22	18452985	18453485	178	500	+	6	173	500	0.3460000
chr22	18462745	18463245	179	500	+	30	418	500	0.8360000
chr22	18463265	18463765	180	500	+	23	405	500	0.8100000
chr22	18482965	18483465	181	500	+	5	131	500	0.2620000
chr22	18484305	18484845	182	540	+	199	425	540	0.7870370
chr22	18506165	18506725	183	560	+	6	164	560	0.2928571
chr22	18507105	18507865	184	760	+	8	242	760	0.3184211
chr22	18511900	18512400	185	500	+	2	71	500	0.1420000
chr22	18525025	18525605	186	580	+	4	125	580	0.2155172
chr22	18531225	18531725	187	500	+	6	204	500	0.4080000
chr22	18535185	18535685	188	500	+	2	36	500	0.0720000
chr22	18536945	18537445	189	500	+	4	129	500	0.2580000
chr22	18538445	18539365	190	920	+	9	282	920	0.3065217
chr22	18540365	18540865	191	500	+	1	36	500	0.0720000
chr22	18558745	18559245	192	500	+	6	192	500	0.3840000
chr22	18559485	18560085	193	600	+	14	261	600	0.4350000
chr22	18560425	18560935	194	510	+	60	441	510	0.8647059
chr22	18561285	18561785	195	500	+	26	415	500	0.8300000
chr22	18589745	18590305	196	560	+	5	153	560	0.2732143
chr22	18593202	18593702	197	500	+	0	0	500	0.0000000
chr22	18628685	18629185	198	500	+	5	163	500	0.3260000
chr22	18632445	18633125	199	680	+	2	44	680	0.0647059
chr22	18638725	18639225	200	500	+	0	0	500	0.0000000
chr22	18639865	18640365	201	500	+	1	36	500	0.0720000
chr22	18667997	18668497	202	500	+	0	0	500	0.0000000
chr22	18688380	18688880	203	500	+	0	0	500	0.0000000
chr22	18721176	18721676	204	500	+	0	0	500	0.0000000
chr22	18779224	18779724	205	500	+	0	0	500	0.0000000
chr22	18837380	18837880	206	500	+	0	0	500	0.0000000
chr22	18841505	18842125	207	620	+	0	0	620	0.0000000
chr22	18846705	18847305	208	600	+	0	0	600	0.0000000
chr22	18881694	18882194	209	500	+	0	0	500	0.0000000
chr22	18892225	18892725	210	500	+	1	36	500	0.0720000
chr22	18893485	18894025	211	540	+	28	211	540	0.3907408
chr22	18894365	18894865	212	500	+	5	104	500	0.2080000
chr22	18913885	18914405	213	520	+	0	0	520	0.0000000
chr22	18916865	18917365	214	500	+	0	0	500	0.0000000
chr22	18923714	18924214	215	500	+	1	35	500	0.0700000
chr22	18941805	18942385	216	580	+	2	59	580	0.1017241
chr22	18946225	18946725	217	500	+	2	72	500	0.1440000
chr22	18955625	18956125	218	500	+	5	124	500	0.2480000
chr22	18957760	18958260	219	500	+	1	36	500	0.0720000
chr22	18975225	18975745	220	520	+	3	108	520	0.2076923
chr22	18976625	18977285	221	660	+	1	36	660	0.0545455
chr22	18986465	18986985	222	520	+	9	206	520	0.3961538
chr22	18989785	18990625	223	840	+	7	222	840	0.2642857
chr22	19005065	19005596	224	531	+	3	108	531	0.2033898
chr22	19009886	19010665	225	779	+	6	195	779	0.2503209
chr22	19014825	19015325	226	500	+	1	36	500	0.0720000
chr22	19023125	19023645	227	520	+	2	72	520	0.1384615
chr22	19024405	19024905	228	500	+	1	36	500	0.0720000
chr22	19035638	19036138	229	500	+	13	349	500	0.6980000
chr22	19038825	19039345	230	520	+	8	186	520	0.3576923
chr22	19040665	19041165	231	500	+	15	360	500	0.7200000
chr22	19044245	19044745	232	500	+	6	161	500	0.3220000
chr22	19061205	19061725	233	520	+	7	187	520	0.3596154
chr22	19072565	19073105	234	540	+	11	210	540	0.3888889
chr22	19073145	19073745	235	600	+	10	206	600	0.3433333
chr22	19073965	19074865	236	900	+	33	639	900	0.7100000
chr22	19083165	19083665	237	500	+	5	160	500	0.3200000
chr22	19093745	19094245	238	500	+	8	193	500	0.3860000
chr22	19096305	19096805	239	500	+	57	421	500	0.8420000
chr22	19096845	19097345	240	500	+	67	482	500	0.9640000
chr22	19097405	19098025	241	620	+	115	605	620	0.9758065
chr22	19098265	19099285	242	1020	+	81	860	1020	0.8431373
chr22	19102205	19102705	243	500	+	14	349	500	0.6980000
chr22	19103085	19103585	244	500	+	20	330	500	0.6600000
chr22	19105725	19106225	245	500	+	12	269	500	0.5380000
chr22	19108945	19109485	246	540	+	90	538	540	0.9962963
chr22	19109717	19110705	247	988	+	63	734	988	0.7429150
chr22	19111405	19111925	248	520	+	14	316	520	0.6076923
chr22	19118070	19118570	249	500	+	6	160	500	0.3200000
chr22	19131325	19131885	250	560	+	94	513	560	0.9160714
chr22	19131940	19132585	251	645	+	57	390	645	0.6046512
chr22	19133605	19134145	252	540	+	8	219	540	0.4055555
chr22	19137546	19138046	253	500	+	0	0	500	0.0000000
chr22	19140585	19141525	254	940	+	17	420	940	0.4468085
chr22	19147725	19148225	255	500	+	10	254	500	0.5080000
chr22	19153865	19154425	256	560	+	10	235	560	0.4196429
chr22	19155525	19156045	257	520	+	11	321	520	0.6173077
chr22	19156925	19157505	258	580	+	14	268	580	0.4620690
chr22	19158185	19158705	259	520	+	84	464	520	0.8923077
chr22	19158925	19159468	260	543	+	208	543	543	1.0000000
chr22	19159585	19160085	261	500	+	134	500	500	1.0000000
chr22	19160385	19160985	262	600	+	66	586	600	0.9766667
chr22	19161025	19161525	263	500	+	34	464	500	0.9280000
chr22	19161985	19162505	264	520	+	21	394	520	0.7576923
chr22	19163265	19164765	265	1500	+	92	1315	1500	0.8766667
chr22	19165725	19166685	266	960	+	128	842	960	0.8770834
chr22	19166845	19167345	267	500	+	51	452	500	0.9040000
chr22	19172465	19173005	268	540	+	6	181	540	0.3351852
chr22	19191165	19191665	269	500	+	3	81	500	0.1620000
chr22	19194825	19195385	270	560	+	3	107	560	0.1910714
chr22	19195665	19196185	271	520	+	5	163	520	0.3134615
chr22	19205345	19205865	272	520	+	30	410	520	0.7884616
chr22	19205905	19206805	273	900	+	37	619	900	0.6877778
chr22	19217045	19217545	274	500	+	6	188	500	0.3760000
chr22	19220745	19221245	275	500	+	11	256	500	0.5120000
chr22	19232265	19232765	276	500	+	14	318	500	0.6360000
chr22	19247105	19247705	277	600	+	57	522	600	0.8700000
chr22	19254005	19254505	278	500	+	1	36	500	0.0720000
chr22	19263345	19263845	279	500	+	9	267	500	0.5340000
chr22	19274625	19275125	280	500	+	8	210	500	0.4200000
chr22	19277285	19277785	281	500	+	13	322	500	0.6440000
chr22	19277845	19278745	282	900	+	35	657	900	0.7300000
chr22	19278965	19280005	283	1040	+	184	918	1040	0.8826923
chr22	19283805	19284445	284	640	+	3	92	640	0.1437500
chr22	19287445	19287945	285	500	+	5	160	500	0.3200000
chr22	19293145	19293685	286	540	+	4	124	540	0.2296296
chr22	19303465	19303965	287	500	+	1	36	500	0.0720000
chr22	19304165	19304685	288	520	+	4	135	520	0.2596154
chr22	19316085	19316585	289	500	+	3	102	500	0.2040000
chr22	19321125	19321645	290	520	+	2	72	520	0.1384615
chr22	19358285	19358785	291	500	+	12	317	500	0.6340000
chr22	19359585	19360085	292	500	+	0	0	500	0.0000000
chr22	19377905	19378405	293	500	+	9	231	500	0.4620000
chr22	19383985	19385005	294	1020	+	469	992	1020	0.9725490
chr22	19385185	19385685	295	500	+	173	500	500	1.0000000
chr22	19386125	19386625	296	500	+	49	473	500	0.9460000
chr22	19390585	19391085	297	500	+	9	194	500	0.3880000
chr22	19393765	19394285	298	520	+	10	277	520	0.5326923
chr22	19395665	19396185	299	520	+	35	397	520	0.7634615
chr22	19406545	19407045	300	500	+	68	500	500	1.0000000
chr22	19407125	19407645	301	520	+	63	504	520	0.9692308
chr22	19409805	19410365	302	560	+	42	437	560	0.7803571
chr22	19416985	19417485	303	500	+	26	422	500	0.8440000
chr22	19417845	19419674	304	1829	+	457	1766	1829	0.9655550
chr22	19419705	19420205	305	500	+	230	500	500	1.0000000
chr22	19420585	19421085	306	500	+	50	363	500	0.7260000
chr22	19429545	19430085	307	540	+	26	443	540	0.8203704
chr22	19432545	19433045	308	500	+	8	216	500	0.4320000
chr22	19434325	19434925	309	600	+	115	583	600	0.9716667
chr22	19435025	19436045	310	1020	+	190	983	1020	0.9637255
chr22	19441605	19442105	311	500	+	10	214	500	0.4280000
chr22	19450965	19451485	312	520	+	2	72	520	0.1384615
chr22	19463345	19463845	313	500	+	22	422	500	0.8440000
chr22	19465045	19466325	314	1280	+	309	1220	1280	0.9531250
chr22	19466488	19467598	315	1110	+	947	1110	1110	1.0000000
chr22	19467845	19468825	316	980	+	121	906	980	0.9244898
chr22	19476645	19477205	317	560	+	7	206	560	0.3678571
chr22	19484685	19485245	318	560	+	21	418	560	0.7464285
chr22	19491365	19491865	319	500	+	9	266	500	0.5320000
chr22	19504865	19505365	320	500	+	12	348	500	0.6960000
chr22	19510465	19510965	321	500	+	2	72	500	0.1440000
chr22	19512610	19513110	322	500	+	3	108	500	0.2160000
chr22	19514025	19514525	323	500	+	6	187	500	0.3740000
chr22	19514885	19515425	324	540	+	4	99	540	0.1833333
chr22	19515605	19516125	325	520	+	6	140	520	0.2692308
chr22	19522485	19523025	326	540	+	5	163	540	0.3018518
chr22	19529025	19529525	327	500	+	7	194	500	0.3880000
chr22	19546685	19547185	328	500	+	17	309	500	0.6180000
chr22	19554112	19554612	329	500	+	5	134	500	0.2680000
chr22	19560845	19561345	330	500	+	10	207	500	0.4140000
chr22	19563865	19564765	331	900	+	16	433	900	0.4811111
chr22	19565605	19566105	332	500	+	7	197	500	0.3940000
chr22	19569825	19570325	333	500	+	11	236	500	0.4720000
chr22	19570865	19571365	334	500	+	7	191	500	0.3820000
chr22	19575705	19576225	335	520	+	5	144	520	0.2769231
chr22	19592245	19592765	336	520	+	13	322	520	0.6192307
chr22	19600665	19601625	337	960	+	12	305	960	0.3177083
chr22	19602405	19602965	338	560	+	15	254	560	0.4535714
chr22	19603665	19604565	339	900	+	6	136	900	0.1511111
chr22	19609645	19610145	340	500	+	8	203	500	0.4060000
chr22	19615005	19615845	341	840	+	74	593	840	0.7059524
chr22	19617385	19617885	342	500	+	8	209	500	0.4180000
chr22	19618645	19619165	343	520	+	3	52	520	0.1000000
chr22	19619605	19620125	344	520	+	19	346	520	0.6653846
chr22	19621325	19621845	345	520	+	21	379	520	0.7288461
chr22	19628845	19629365	346	520	+	25	443	520	0.8519230
chr22	19630945	19631445	347	500	+	47	497	500	0.9940000
chr22	19631645	19632145	348	500	+	61	451	500	0.9020000
chr22	19635785	19636385	349	600	+	6	166	600	0.2766667
chr22	19649385	19649945	350	560	+	2	72	560	0.1285714
chr22	19651445	19651965	351	520	+	6	203	520	0.3903846
chr22	19661845	19662385	352	540	+	8	179	540	0.3314815
chr22	19667045	19667545	353	500	+	7	192	500	0.3840000
chr22	19669745	19670705	354	960	+	9	296	960	0.3083333
chr22	19678665	19679165	355	500	+	8	240	500	0.4800000
chr22	19679225	19679765	356	540	+	107	540	540	1.0000000
chr22	19683185	19683705	357	520	+	14	325	520	0.6250000
chr22	19689385	19689885	358	500	+	1	15	500	0.0300000
chr22	19696725	19697225	359	500	+	6	172	500	0.3440000
chr22	19700945	19701445	360	500	+	10	271	500	0.5420000
chr22	19701545	19702065	361	520	+	9	188	520	0.3615385
chr22	19704492	19706207	362	1715	+	220	1058	1715	0.6169096
chr22	19706385	19706885	363	500	+	108	493	500	0.9860000
chr22	19709605	19710505	364	900	+	156	737	900	0.8188889
chr22	19710705	19711315	365	610	+	238	610	610	1.0000000
chr22	19711525	19712785	366	1260	+	143	1143	1260	0.9071429
chr22	19712905	19713405	367	500	+	27	349	500	0.6980000
chr22	19714805	19715685	368	880	+	17	462	880	0.5250000
chr22	19718065	19718845	369	780	+	43	598	780	0.7666667
chr22	19719245	19719745	370	500	+	10	200	500	0.4000000
chr22	19722005	19722505	371	500	+	7	225	500	0.4500000
chr22	19736385	19736965	372	580	+	7	229	580	0.3948276
chr22	19740965	19741465	373	500	+	8	141	500	0.2820000
chr22	19743975	19744505	374	530	+	8	233	530	0.4396226
chr22	19745105	19745625	375	520	+	9	226	520	0.4346154
chr22	19747565	19748145	376	580	+	12	317	580	0.5465517
chr22	19749285	19749865	377	580	+	44	545	580	0.9396552
chr22	19749885	19750585	378	700	+	56	662	700	0.9457143
chr22	19752605	19753505	379	900	+	17	432	900	0.4800000
chr22	19754505	19755025	380	520	+	9	225	520	0.4326923
chr22	19760045	19760965	381	920	+	43	755	920	0.8206522
chr22	19761445	19762265	382	820	+	69	674	820	0.8219512
chr22	19763705	19764705	383	1000	+	56	746	1000	0.7460000
chr22	19767025	19767525	384	500	+	3	103	500	0.2060000
chr22	19767805	19768305	385	500	+	105	436	500	0.8720000
chr22	19768525	19769025	386	500	+	5	139	500	0.2780000
chr22	19770025	19770525	387	500	+	8	216	500	0.4320000
chr22	19793865	19794365	388	500	+	10	265	500	0.5300000
chr22	19802045	19802545	389	500	+	17	356	500	0.7120000
chr22	19802825	19803325	390	500	+	30	403	500	0.8060000
chr22	19815065	19815605	391	540	+	54	507	540	0.9388889
chr22	19816105	19816625	392	520	+	6	173	520	0.3326923
chr22	19830405	19830905	393	500	+	11	297	500	0.5940000
chr22	19834005	19834525	394	520	+	12	275	520	0.5288461
chr22	19835365	19836225	395	860	+	15	346	860	0.4023256
chr22	19836305	19836805	396	500	+	14	295	500	0.5900000
chr22	19841485	19842712	397	1227	+	438	1214	1227	0.9894050
chr22	19843205	19843705	398	500	+	258	500	500	1.0000000
chr22	19844225	19844725	399	500	+	14	231	500	0.4620000
chr22	19852105	19853065	400	960	+	7	180	960	0.1875000
chr22	19863205	19863785	401	580	+	3	88	580	0.1517241
chr22	19868625	19869125	402	500	+	3	108	500	0.2160000
chr22	19874365	19874905	403	540	+	8	254	540	0.4703704
chr22	19878425	19878945	404	520	+	21	432	520	0.8307692
chr22	19878985	19879505	405	520	+	28	391	520	0.7519231
chr22	19879585	19880125	406	540	+	16	357	540	0.6611111
chr22	19880565	19881065	407	500	+	6	156	500	0.3120000
chr22	19884505	19885005	408	500	+	7	218	500	0.4360000
chr22	19893365	19893865	409	500	+	13	256	500	0.5120000
chr22	19897385	19897885	410	500	+	65	467	500	0.9340000
chr22	19899985	19900485	411	500	+	4	124	500	0.2480000
chr22	19901585	19902085	412	500	+	15	300	500	0.6000000
chr22	19911485	19912025	413	540	+	12	285	540	0.5277778
chr22	19915805	19916745	414	940	+	19	387	940	0.4117021
chr22	19918525	19919025	415	500	+	6	111	500	0.2220000
chr22	19919985	19920485	416	500	+	11	250	500	0.5000000
chr22	19927645	19929025	417	1380	+	447	1134	1380	0.8217391
chr22	19929105	19929765	418	660	+	234	660	660	1.0000000
chr22	19929785	19931545	419	1760	+	872	1705	1760	0.9687500
chr22	19932165	19933105	420	940	+	19	438	940	0.4659574
chr22	19935185	19935705	421	520	+	146	290	520	0.5576923
chr22	19938209	19938709	422	500	+	13	263	500	0.5260000
chr22	19941105	19941625	423	520	+	9	256	520	0.4923077
chr22	19946685	19947185	424	500	+	39	399	500	0.7980000
chr22	19947385	19947885	425	500	+	21	302	500	0.6040000
chr22	19949725	19950265	426	540	+	11	305	540	0.5648148
chr22	19953445	19953965	427	520	+	19	388	520	0.7461538
chr22	19957965	19958465	428	500	+	15	315	500	0.6300000
chr22	19961825	19962385	429	560	+	20	383	560	0.6839285
chr22	19962405	19963305	430	900	+	77	876	900	0.9733334
chr22	19971745	19972245	431	500	+	26	410	500	0.8200000
chr22	19973745	19974245	432	500	+	17	361	500	0.7220000
chr22	19974465	19975725	433	1260	+	46	715	1260	0.5674603
chr22	19976305	19976805	434	500	+	20	363	500	0.7260000
chr22	19977165	19977685	435	520	+	16	338	520	0.6500000
chr22	19993165	19993685	436	520	+	3	107	520	0.2057692
chr22	19994925	19995425	437	500	+	19	337	500	0.6740000
chr22	19997105	19997605	438	500	+	43	497	500	0.9940000
chr22	19997945	19998465	439	520	+	42	476	520	0.9153846
chr22	19999145	19999645	440	500	+	20	388	500	0.7760000
chr22	20000845	20001385	441	540	+	22	416	540	0.7703704
chr22	20002825	20003345	442	520	+	22	459	520	0.8826923
chr22	20003645	20004705	443	1060	+	54	771	1060	0.7273585
chr22	20008245	20008841	444	596	+	160	563	596	0.9446309
chr22	20008885	20009405	445	520	+	298	520	520	1.0000000
chr22	20010365	20010865	446	500	+	52	465	500	0.9300000
chr22	20011725	20013325	447	1600	+	203	1405	1600	0.8781250
chr22	20013705	20014205	448	500	+	16	321	500	0.6420000
chr22	20014465	20014965	449	500	+	22	346	500	0.6920000
chr22	20015405	20015945	450	540	+	6	110	540	0.2037037
chr22	20022765	20023265	451	500	+	8	245	500	0.4900000
chr22	20035705	20036205	452	500	+	4	141	500	0.2820000
chr22	20046005	20046925	453	920	+	221	754	920	0.8195652
chr22	20047125	20047625	454	500	+	36	337	500	0.6740000
chr22	20047725	20048225	455	500	+	19	256	500	0.5120000
chr22	20054305	20054825	456	520	+	16	342	520	0.6576923
chr22	20058905	20059805	457	900	+	102	812	900	0.9022222
chr22	20064105	20064665	458	560	+	35	494	560	0.8821428
chr22	20067285	20068305	459	1020	+	237	972	1020	0.9529412
chr22	20068405	20069365	460	960	+	503	960	960	1.0000000
chr22	20070585	20071485	461	900	+	108	888	900	0.9866667
chr22	20072065	20073045	462	980	+	233	974	980	0.9938775
chr22	20097665	20099325	463	1660	+	42	911	1660	0.5487952
chr22	20099365	20099865	464	500	+	19	383	500	0.7660000
chr22	20103405	20103925	465	520	+	76	501	520	0.9634615
chr22	20104565	20105196	466	631	+	107	553	631	0.8763867
chr22	20105305	20105965	467	660	+	324	660	660	1.0000000
chr22	20106085	20106585	468	500	+	117	500	500	1.0000000
chr22	20115325	20115845	469	520	+	16	371	520	0.7134615
chr22	20116185	20117185	470	1000	+	17	401	1000	0.4010000
chr22	20118485	20118985	471	500	+	10	247	500	0.4940000
chr22	20119113	20119613	472	500	+	4	84	500	0.1680000
chr22	20119885	20120465	473	580	+	13	297	580	0.5120690
chr22	20125805	20126305	474	500	+	9	228	500	0.4560000
chr22	20137181	20137681	475	500	+	1	20	500	0.0400000
chr22	20138685	20139385	476	700	+	3	100	700	0.1428571
chr22	20140345	20141105	477	760	+	6	170	760	0.2236842
chr22	20141465	20141985	478	520	+	4	89	520	0.1711538
chr22	20144425	20144965	479	540	+	6	160	540	0.2962963
chr22	20162265	20162805	480	540	+	4	112	540	0.2074074
chr22	20174005	20174505	481	500	+	4	114	500	0.2280000
chr22	20187625	20188245	482	620	+	14	356	620	0.5741935
chr22	20191185	20191785	483	600	+	4	116	600	0.1933333
chr22	20192191	20192691	484	500	+	2	71	500	0.1420000
chr22	20193604	20194145	485	541	+	150	455	541	0.8410351
chr22	20194305	20194865	486	560	+	90	560	560	1.0000000
chr22	20195125	20195625	487	500	+	17	281	500	0.5620000
chr22	20199465	20199965	488	500	+	5	96	500	0.1920000
chr22	20203265	20203765	489	500	+	7	179	500	0.3580000
chr22	20207205	20207725	490	520	+	11	243	520	0.4673077
chr22	20222845	20223805	491	960	+	18	434	960	0.4520833
chr22	20225985	20226985	492	1000	+	5	146	1000	0.1460000
chr22	20227845	20228405	493	560	+	3	108	560	0.1928571
chr22	20230985	20231985	494	1000	+	3	62	1000	0.0620000
chr22	20232825	20233385	495	560	+	1	35	560	0.0625000
chr22	20234545	20235085	496	540	+	4	125	540	0.2314815
chr22	20241865	20242405	497	540	+	7	186	540	0.3444445
chr22	20244625	20245145	498	520	+	9	234	520	0.4500000
chr22	20246045	20246605	499	560	+	6	185	560	0.3303571
chr22	20254825	20255325	500	500	+	2	68	500	0.1360000
chr22	20255566	20256205	501	639	+	7	197	639	0.3082942
chr22	20257665	20258165	502	500	+	1	36	500	0.0720000
chr22	20267165	20267665	503	500	+	2	38	500	0.0760000
chr22	20273165	20273725	504	560	+	2	71	560	0.1267857
chr22	20279785	20280365	505	580	+	3	108	580	0.1862069
chr22	20283865	20284365	506	500	+	4	113	500	0.2260000
chr22	20286365	20287365	507	1000	+	11	317	1000	0.3170000
chr22	20305045	20306065	508	1020	+	6	153	1020	0.1500000
chr22	20306565	20307878	509	1313	+	120	919	1313	0.6999238
chr22	20308065	20308565	510	500	+	50	281	500	0.5620000
chr22	20309325	20309865	511	540	+	3	107	540	0.1981481
chr22	20310205	20310705	512	500	+	14	326	500	0.6520000
chr22	20310945	20311445	513	500	+	4	130	500	0.2600000
chr22	20315925	20316485	514	560	+	0	0	560	0.0000000
chr22	20318625	20319125	515	500	+	0	0	500	0.0000000
chr22	20328269	20328769	516	500	+	0	0	500	0.0000000
chr22	20336743	20337243	517	500	+	0	0	500	0.0000000
chr22	20376985	20377918	518	933	+	1	36	933	0.0385852
chr22	20378285	20379265	519	980	+	0	0	980	0.0000000
chr22	20398445	20398945	520	500	+	0	0	500	0.0000000
chr22	20401345	20401845	521	500	+	0	0	500	0.0000000
chr22	20423505	20424005	522	500	+	3	66	500	0.1320000
chr22	20461536	20462036	523	500	+	1	36	500	0.0720000
chr22	20656578	20657078	524	500	+	0	0	500	0.0000000
chr22	20727665	20728165	525	500	+	5	113	500	0.2260000
chr22	20745385	20745885	526	500	+	15	297	500	0.5940000
chr22	20748145	20749145	527	1000	+	232	973	1000	0.9730000
chr22	20750125	20751045	528	920	+	18	424	920	0.4608696
chr22	20764525	20765025	529	500	+	15	327	500	0.6540000
chr22	20766705	20767265	530	560	+	26	436	560	0.7785714
chr22	20767725	20768225	531	500	+	5	133	500	0.2660000
chr22	20768445	20768945	532	500	+	8	198	500	0.3960000
chr22	20772385	20772885	533	500	+	22	358	500	0.7160000
chr22	20773325	20773825	534	500	+	13	275	500	0.5500000
chr22	20775645	20776145	535	500	+	13	284	500	0.5680000
chr22	20783405	20783925	536	520	+	19	409	520	0.7865385
chr22	20791896	20792396	537	500	+	0	0	500	0.0000000
chr22	20810465	20810985	538	520	+	18	317	520	0.6096154
chr22	20820885	20821385	539	500	+	4	144	500	0.2880000
chr22	20823445	20823985	540	540	+	16	346	540	0.6407408
chr22	20827225	20827725	541	500	+	7	176	500	0.3520000
chr22	20829865	20830385	542	520	+	2	72	520	0.1384615
chr22	20831905	20832405	543	500	+	5	125	500	0.2500000
chr22	20833825	20834365	544	540	+	12	308	540	0.5703704
chr22	20848845	20849825	545	980	+	75	808	980	0.8244898
chr22	20849920	20850485	546	565	+	197	508	565	0.8991150
chr22	20850645	20851145	547	500	+	145	479	500	0.9580000
chr22	20858565	20859085	548	520	+	5	132	520	0.2538462
chr22	20861565	20862585	549	1020	+	536	1020	1020	1.0000000
chr22	20862925	20863505	550	580	+	178	449	580	0.7741379
chr22	20863605	20864105	551	500	+	110	500	500	1.0000000
chr22	20864585	20865085	552	500	+	24	366	500	0.7320000
chr22	20865325	20867045	553	1720	+	58	1021	1720	0.5936046
chr22	20877345	20877865	554	520	+	66	510	520	0.9807692
chr22	20878225	20878745	555	520	+	42	455	520	0.8750000
chr22	20880765	20881725	556	960	+	39	701	960	0.7302083
chr22	20899965	20900765	557	800	+	161	800	800	1.0000000
chr22	20903385	20904185	558	800	+	39	705	800	0.8812500
chr22	20911505	20912025	559	520	+	68	509	520	0.9788461
chr22	20918485	20919005	560	520	+	19	361	520	0.6942308
chr22	20925705	20926225	561	520	+	18	300	520	0.5769231
chr22	20931705	20932225	562	520	+	16	383	520	0.7365385
chr22	20935765	20936265	563	500	+	5	139	500	0.2780000
chr22	20937825	20938325	564	500	+	13	360	500	0.7200000
chr22	20942765	20943265	565	500	+	13	195	500	0.3900000
chr22	20946105	20946645	566	540	+	6	212	540	0.3925926
chr22	20955125	20955625	567	500	+	4	132	500	0.2640000
chr22	20959045	20959545	568	500	+	2	57	500	0.1140000
chr22	20960465	20960965	569	500	+	9	151	500	0.3020000
chr22	20961505	20962005	570	500	+	11	196	500	0.3920000
chr22	20969205	20969765	571	560	+	8	214	560	0.3821429
chr22	20969805	20970305	572	500	+	15	343	500	0.6860000
chr22	20976665	20977165	573	500	+	6	173	500	0.3460000
chr22	20996605	20997545	574	940	+	11	265	940	0.2819149
chr22	20998205	20998985	575	780	+	4	135	780	0.1730769
chr22	21002525	21003025	576	500	+	6	160	500	0.3200000
chr22	21003525	21004025	577	500	+	2	72	500	0.1440000
chr22	21005865	21006385	578	520	+	3	108	520	0.2076923
chr22	21025525	21026165	579	640	+	4	105	640	0.1640625
chr22	21027505	21028305	580	800	+	3	108	800	0.1350000
chr22	21042325	21043165	581	840	+	4	98	840	0.1166667
chr22	21043592	21044092	582	500	+	0	0	500	0.0000000
chr22	21051405	21052205	583	800	+	13	165	800	0.2062500
chr22	21055151	21055651	584	500	+	1	36	500	0.0720000
chr22	21056285	21058065	585	1780	+	31	392	1780	0.2202247
chr22	21058645	21059265	586	620	+	2	72	620	0.1161290
chr22	21076005	21076505	587	500	+	8	203	500	0.4060000
chr22	21094685	21095205	588	520	+	0	0	520	0.0000000
chr22	21095985	21096525	589	540	+	7	216	540	0.4000000
chr22	21104765	21105285	590	520	+	28	442	520	0.8500000
chr22	21112925	21113445	591	520	+	9	264	520	0.5076923
chr22	21123245	21123745	592	500	+	14	249	500	0.4980000
chr22	21128132	21128632	593	500	+	6	180	500	0.3600000
chr22	21130885	21131625	594	740	+	43	596	740	0.8054054
chr22	21131985	21132485	595	500	+	87	492	500	0.9840000
chr22	21135905	21136405	596	500	+	25	487	500	0.9740000
chr22	21138485	21139005	597	520	+	10	239	520	0.4596154
chr22	21158165	21158705	598	540	+	14	299	540	0.5537037
chr22	21160145	21160665	599	520	+	23	401	520	0.7711539
chr22	21161645	21162425	600	780	+	97	563	780	0.7217948
chr22	21194505	21195005	601	500	+	12	299	500	0.5980000
chr22	21195085	21195605	602	520	+	16	265	520	0.5096154
chr22	21198205	21198745	603	540	+	10	216	540	0.4000000
chr22	21199265	21199765	604	500	+	3	101	500	0.2020000
chr22	21206305	21206805	605	500	+	9	233	500	0.4660000
chr22	21207445	21207985	606	540	+	32	461	540	0.8537037
chr22	21208645	21209165	607	520	+	12	200	520	0.3846154
chr22	21211505	21212025	608	520	+	44	494	520	0.9500000
chr22	21212105	21214405	609	2300	+	421	2198	2300	0.9556522
chr22	21217545	21218325	610	780	+	50	682	780	0.8743590
chr22	21220045	21220585	611	540	+	83	540	540	1.0000000
chr22	21221625	21222125	612	500	+	252	500	500	1.0000000
chr22	21231165	21231665	613	500	+	12	219	500	0.4380000
chr22	21239225	21239725	614	500	+	29	299	500	0.5980000
chr22	21239745	21240505	615	760	+	219	752	760	0.9894737
chr22	21254325	21254825	616	500	+	2	72	500	0.1440000
chr22	21258865	21259425	617	560	+	16	339	560	0.6053572
chr22	21271005	21271963	618	958	+	538	958	958	1.0000000
chr22	21272085	21272865	619	780	+	382	780	780	1.0000000
chr22	21273005	21273505	620	500	+	33	304	500	0.6080000
chr22	21274025	21275165	621	1140	+	97	872	1140	0.7649123
chr22	21275605	21276165	622	560	+	50	395	560	0.7053571
chr22	21276545	21277085	623	540	+	19	331	540	0.6129630
chr22	21286525	21287045	624	520	+	4	144	520	0.2769231
chr22	21291605	21292125	625	520	+	39	465	520	0.8942308
chr22	21296005	21296545	626	540	+	5	177	540	0.3277778
chr22	21299525	21300025	627	500	+	9	234	500	0.4680000
chr22	21304765	21305285	628	520	+	18	302	520	0.5807692
chr22	21307765	21308685	629	920	+	111	785	920	0.8532609
chr22	21309745	21310265	630	520	+	8	205	520	0.3942308
chr22	21310285	21311105	631	820	+	19	435	820	0.5304878
chr22	21311129	21311629	632	500	+	1	36	500	0.0720000
chr22	21315665	21316605	633	940	+	17	381	940	0.4053192
chr22	21319167	21319667	634	500	+	0	0	500	0.0000000
chr22	21326645	21327145	635	500	+	4	126	500	0.2520000
chr22	21334725	21335225	636	500	+	37	448	500	0.8960000
chr22	21335985	21336807	637	822	+	467	822	822	1.0000000
chr22	21336865	21337365	638	500	+	102	500	500	1.0000000
chr22	21351805	21352385	639	580	+	18	400	580	0.6896552
chr22	21352645	21353605	640	960	+	52	914	960	0.9520833
chr22	21354945	21355565	641	620	+	154	620	620	1.0000000
chr22	21355865	21356665	642	800	+	542	800	800	1.0000000
chr22	21356765	21357265	643	500	+	138	452	500	0.9040000
chr22	21358065	21358625	644	560	+	29	420	560	0.7500000
chr22	21368326	21368885	645	559	+	60	513	559	0.9177102
chr22	21368905	21369691	646	786	+	155	652	786	0.8295165
chr22	21375045	21375565	647	520	+	4	109	520	0.2096154
chr22	21386597	21387385	648	788	+	8	242	788	0.3071066
chr22	21392005	21392525	649	520	+	19	364	520	0.7000000
chr22	21392685	21393205	650	520	+	7	229	520	0.4403846
chr22	21394405	21394965	651	560	+	16	308	560	0.5500000
chr22	21398288	21398788	652	500	+	4	132	500	0.2640000
chr22	21399345	21400498	653	1153	+	23	570	1153	0.4943625
chr22	21406005	21406505	654	500	+	6	183	500	0.3660000
chr22	21407285	21407805	655	520	+	9	236	520	0.4538462
chr22	21410065	21410585	656	520	+	9	204	520	0.3923077
chr22	21410965	21411465	657	500	+	28	432	500	0.8640000
chr22	21428365	21428865	658	500	+	6	156	500	0.3120000
chr22	21444145	21444645	659	500	+	7	164	500	0.3280000
chr22	21447885	21448385	660	500	+	14	183	500	0.3660000
chr22	21449185	21449685	661	500	+	4	89	500	0.1780000
chr22	21452285	21452785	662	500	+	5	83	500	0.1660000
chr22	21455425	21455945	663	520	+	6	134	520	0.2576923
chr22	21456085	21456645	664	560	+	17	336	560	0.6000000
chr22	21457005	21457554	665	549	+	16	363	549	0.6612022
chr22	21462705	21463605	666	900	+	18	450	900	0.5000000
chr22	21483325	21483865	667	540	+	0	0	540	0.0000000
chr22	21520941	21521441	668	500	+	0	0	500	0.0000000
chr22	21560145	21560645	669	500	+	0	0	500	0.0000000
chr22	21636463	21636963	670	500	+	0	0	500	0.0000000
chr22	21680675	21681175	671	500	+	0	0	500	0.0000000
chr22	21756925	21757425	672	500	+	0	0	500	0.0000000
chr22	21771442	21771942	673	500	+	0	0	500	0.0000000
chr22	21771965	21772465	674	500	+	10	67	500	0.1340000
chr22	21802225	21802785	675	560	+	40	461	560	0.8232143
chr22	21803065	21803705	676	640	+	26	341	640	0.5328125
chr22	21806225	21806725	677	500	+	1	22	500	0.0440000
chr22	21811385	21811965	678	580	+	26	494	580	0.8517241
chr22	21821208	21821708	679	500	+	0	0	500	0.0000000
chr22	21822325	21823105	680	780	+	4	75	780	0.0961538
chr22	21845105	21845605	681	500	+	0	0	500	0.0000000
chr22	21865925	21866445	682	520	+	0	0	520	0.0000000
chr22	21871530	21872030	683	500	+	0	0	500	0.0000000
chr22	21898845	21899345	684	500	+	0	0	500	0.0000000
chr22	21899707	21900207	685	500	+	0	0	500	0.0000000
chr22	21909645	21910145	686	500	+	2	72	500	0.1440000
chr22	21910245	21910745	687	500	+	57	445	500	0.8900000
chr22	21918325	21918965	688	640	+	20	397	640	0.6203125
chr22	21919825	21920325	689	500	+	8	221	500	0.4420000
chr22	21921585	21922185	690	600	+	156	457	600	0.7616667
chr22	21922365	21925145	691	2780	+	603	2441	2780	0.8780575
chr22	21925325	21925865	692	540	+	15	340	540	0.6296296
chr22	21928645	21929185	693	540	+	28	318	540	0.5888889
chr22	21939385	21940085	694	700	+	41	592	700	0.8457143
chr22	21941705	21942205	695	500	+	36	415	500	0.8300000
chr22	21942285	21942785	696	500	+	39	448	500	0.8960000
chr22	21948065	21948565	697	500	+	30	439	500	0.8780000
chr22	21958245	21958745	698	500	+	23	347	500	0.6940000
chr22	21958965	21959525	699	560	+	27	440	560	0.7857143
chr22	21960885	21961445	700	560	+	66	431	560	0.7696428
chr22	21961725	21962505	701	780	+	148	681	780	0.8730769
chr22	21962905	21963405	702	500	+	8	165	500	0.3300000
chr22	21974265	21974765	703	500	+	13	309	500	0.6180000
chr22	21978305	21979225	704	920	+	56	764	920	0.8304348
chr22	21979565	21980085	705	520	+	30	422	520	0.8115385
chr22	21980365	21981865	706	1500	+	99	1299	1500	0.8660000
chr22	21982685	21983405	707	720	+	254	720	720	1.0000000
chr22	21983465	21983965	708	500	+	373	500	500	1.0000000
chr22	21984090	21984665	709	575	+	201	479	575	0.8330435
chr22	21984785	21985585	710	800	+	45	534	800	0.6675000
chr22	21986725	21987685	711	960	+	96	898	960	0.9354166
chr22	21991725	21992225	712	500	+	4	117	500	0.2340000
chr22	21992765	21993265	713	500	+	18	335	500	0.6700000
chr22	21995665	21996791	714	1126	+	681	1106	1126	0.9822380
chr22	21997265	21997765	715	500	+	118	500	500	1.0000000
chr22	21997785	21998505	716	720	+	64	642	720	0.8916667
chr22	22000925	22001425	717	500	+	35	459	500	0.9180000
chr22	22004565	22005965	718	1400	+	190	963	1400	0.6878572
chr22	22006105	22006625	719	520	+	152	520	520	1.0000000
chr22	22010705	22012105	720	1400	+	215	1283	1400	0.9164286
chr22	22012285	22012785	721	500	+	12	259	500	0.5180000
chr22	22014305	22014825	722	520	+	29	461	520	0.8865384
chr22	22019125	22019945	723	820	+	67	667	820	0.8134146
chr22	22020022	22020825	724	803	+	583	803	803	1.0000000
chr22	22021085	22021585	725	500	+	72	369	500	0.7380000
chr22	22041065	22041565	726	500	+	34	463	500	0.9260000
chr22	22052765	22053305	727	540	+	11	343	540	0.6351852
chr22	22055005	22056285	728	1280	+	27	647	1280	0.5054687
chr22	22058105	22058665	729	560	+	5	167	560	0.2982143
chr22	22061865	22062385	730	520	+	9	198	520	0.3807692
chr22	22067085	22067905	731	820	+	47	562	820	0.6853659
chr22	22069005	22069565	732	560	+	20	337	560	0.6017857
chr22	22073225	22074025	733	800	+	15	383	800	0.4787500
chr22	22080865	22081385	734	520	+	10	225	520	0.4326923
chr22	22085085	22085585	735	500	+	5	157	500	0.3140000
chr22	22089145	22090585	736	1440	+	61	935	1440	0.6493056
chr22	22097725	22098225	737	500	+	7	197	500	0.3940000
chr22	22098425	22098925	738	500	+	5	168	500	0.3360000
chr22	22106225	22106745	739	520	+	6	182	520	0.3500000
chr22	22107845	22108385	740	540	+	32	442	540	0.8185185
chr22	22108745	22109325	741	580	+	157	568	580	0.9793103
chr22	22110025	22110525	742	500	+	129	500	500	1.0000000
chr22	22114865	22115405	743	540	+	20	348	540	0.6444445
chr22	22128985	22129485	744	500	+	5	150	500	0.3000000
chr22	22133205	22133725	745	520	+	53	448	520	0.8615385
chr22	22134245	22134745	746	500	+	7	171	500	0.3420000
chr22	22138885	22139425	747	540	+	125	508	540	0.9407408
chr22	22140125	22140625	748	500	+	6	140	500	0.2800000
chr22	22145945	22146445	749	500	+	46	450	500	0.9000000
chr22	22161805	22162305	750	500	+	10	223	500	0.4460000
chr22	22170225	22170725	751	500	+	24	379	500	0.7580000
chr22	22170865	22171365	752	500	+	98	500	500	1.0000000
chr22	22173585	22174125	753	540	+	14	317	540	0.5870370
chr22	22177745	22178245	754	500	+	9	239	500	0.4780000
chr22	22178345	22178865	755	520	+	18	339	520	0.6519231
chr22	22179865	22180385	756	520	+	8	165	520	0.3173077
chr22	22180485	22181005	757	520	+	7	199	520	0.3826923
chr22	22181385	22182025	758	640	+	18	316	640	0.4937500
chr22	22182345	22182845	759	500	+	13	340	500	0.6800000
chr22	22186845	22187845	760	1000	+	38	664	1000	0.6640000
chr22	22191425	22191945	761	520	+	14	363	520	0.6980769
chr22	22197525	22198025	762	500	+	22	361	500	0.7220000
chr22	22200545	22201045	763	500	+	12	272	500	0.5440000
chr22	22202305	22202805	764	500	+	2	51	500	0.1020000
chr22	22202845	22203345	765	500	+	13	243	500	0.4860000
chr22	22203865	22204685	766	820	+	23	431	820	0.5256097
chr22	22208725	22209245	767	520	+	12	280	520	0.5384616
chr22	22209885	22210545	768	660	+	23	454	660	0.6878788
chr22	22212605	22213105	769	500	+	16	266	500	0.5320000
chr22	22214745	22215265	770	520	+	18	312	520	0.6000000
chr22	22215705	22216265	771	560	+	35	474	560	0.8464286
chr22	22217085	22217585	772	500	+	17	319	500	0.6380000
chr22	22218745	22219245	773	500	+	3	108	500	0.2160000
chr22	22219365	22219865	774	500	+	16	352	500	0.7040000
chr22	22219945	22220445	775	500	+	26	350	500	0.7000000
chr22	22220485	22221645	776	1160	+	317	1099	1160	0.9474138
chr22	22221720	22222685	777	965	+	534	963	965	0.9979275
chr22	22222765	22223745	778	980	+	218	764	980	0.7795919
chr22	22224185	22224705	779	520	+	19	225	520	0.4326923
chr22	22225365	22226145	780	780	+	13	349	780	0.4474359
chr22	22226625	22227125	781	500	+	21	348	500	0.6960000
chr22	22230645	22231485	782	840	+	31	461	840	0.5488095
chr22	22235865	22236425	783	560	+	18	389	560	0.6946428
chr22	22236905	22237645	784	740	+	7	141	740	0.1905405
chr22	22249225	22249725	785	500	+	5	167	500	0.3340000
chr22	22264545	22265085	786	540	+	4	97	540	0.1796296
chr22	22265405	22265905	787	500	+	8	184	500	0.3680000
chr22	22270985	22271545	788	560	+	1	36	560	0.0642857
chr22	22290625	22291145	789	520	+	21	425	520	0.8173077
chr22	22292325	22293305	790	980	+	510	977	980	0.9969388
chr22	22293665	22294185	791	520	+	45	494	520	0.9500000
chr22	22300885	22301825	792	940	+	169	906	940	0.9638298
chr22	22301945	22302445	793	500	+	157	500	500	1.0000000
chr22	22302805	22303325	794	520	+	54	488	520	0.9384615
chr22	22306265	22306825	795	560	+	48	546	560	0.9750000
chr22	22307000	22307605	796	605	+	53	454	605	0.7504132
chr22	22326585	22327085	797	500	+	11	247	500	0.4940000
chr22	22336165	22336865	798	700	+	118	694	700	0.9914286
chr22	22336985	22337505	799	520	+	76	520	520	1.0000000
chr22	22339205	22339725	800	520	+	35	463	520	0.8903846
chr22	22340805	22341325	801	520	+	4	123	520	0.2365385
chr22	22342205	22342745	802	540	+	24	489	540	0.9055555
chr22	22346185	22346725	803	540	+	19	374	540	0.6925926
chr22	22346885	22347405	804	520	+	10	245	520	0.4711539
chr22	22356265	22357545	805	1280	+	49	865	1280	0.6757812
chr22	22372325	22372845	806	520	+	10	229	520	0.4403846
chr22	22377265	22378425	807	1160	+	36	750	1160	0.6465517
chr22	22384845	22385365	808	520	+	15	340	520	0.6538461
chr22	22387845	22388385	809	540	+	10	267	540	0.4944444
chr22	22392105	22392605	810	500	+	14	306	500	0.6120000
chr22	22396285	22396785	811	500	+	8	162	500	0.3240000
chr22	22398082	22398585	812	503	+	13	327	503	0.6500994
chr22	22403105	22403605	813	500	+	7	172	500	0.3440000
chr22	22413025	22413565	814	540	+	14	336	540	0.6222222
chr22	22414885	22415425	815	540	+	8	228	540	0.4222222
chr22	22417425	22417925	816	500	+	35	421	500	0.8420000
chr22	22422025	22422525	817	500	+	7	205	500	0.4100000
chr22	22424325	22425005	818	680	+	19	367	680	0.5397059
chr22	22440085	22440625	819	540	+	13	352	540	0.6518518
chr22	22454225	22455085	820	860	+	25	434	860	0.5046512
chr22	22457265	22457805	821	540	+	8	218	540	0.4037037
chr22	22461865	22462365	822	500	+	17	312	500	0.6240000
chr22	22463925	22464445	823	520	+	74	518	520	0.9961538
chr22	22464845	22466225	824	1380	+	116	1224	1380	0.8869565
chr22	22467685	22468185	825	500	+	11	205	500	0.4100000
chr22	22468345	22468845	826	500	+	1	29	500	0.0580000
chr22	22472725	22473225	827	500	+	4	91	500	0.1820000
chr22	22475265	22475765	828	500	+	1	35	500	0.0700000
chr22	22476885	22477405	829	520	+	2	42	520	0.0807692
chr22	22495745	22496245	830	500	+	15	381	500	0.7620000
chr22	22496525	22497245	831	720	+	21	478	720	0.6638889
chr22	22497865	22498385	832	520	+	15	400	520	0.7692308
chr22	22511005	22511565	833	560	+	32	313	560	0.5589285
chr22	22512525	22513125	834	600	+	7	189	600	0.3150000
chr22	22516265	22516765	835	500	+	8	190	500	0.3800000
chr22	22522845	22523345	836	500	+	14	339	500	0.6780000
chr22	22533285	22533785	837	500	+	10	245	500	0.4900000
chr22	22549685	22550205	838	520	+	21	384	520	0.7384616
chr22	22555445	22555985	839	540	+	9	242	540	0.4481482
chr22	22556065	22556565	840	500	+	6	145	500	0.2900000
chr22	22560585	22561085	841	500	+	12	276	500	0.5520000
chr22	22562145	22562725	842	580	+	22	443	580	0.7637931
chr22	22564605	22565105	843	500	+	9	269	500	0.5380000
chr22	22573205	22573705	844	500	+	5	157	500	0.3140000
chr22	22589925	22590425	845	500	+	3	84	500	0.1680000
chr22	22592365	22592865	846	500	+	3	108	500	0.2160000
chr22	22598941	22599441	847	500	+	6	171	500	0.3420000
chr22	22609185	22609685	848	500	+	2	63	500	0.1260000
chr22	22610525	22611025	849	500	+	1	36	500	0.0720000
chr22	22617025	22617525	850	500	+	3	74	500	0.1480000
chr22	22652212	22652712	851	500	+	11	145	500	0.2900000
chr22	22673445	22673945	852	500	+	5	166	500	0.3320000
chr22	22676245	22676745	853	500	+	1	36	500	0.0720000
chr22	22697125	22697645	854	520	+	9	236	520	0.4538462
chr22	22711565	22712065	855	500	+	7	180	500	0.3600000
chr22	22715245	22715745	856	500	+	0	0	500	0.0000000
chr22	22723405	22724045	857	640	+	2	72	640	0.1125000
chr22	22734605	22735165	858	560	+	7	191	560	0.3410714
chr22	22763525	22764045	859	520	+	10	273	520	0.5250000
chr22	22776905	22777405	860	500	+	9	194	500	0.3880000
chr22	22785725	22786245	861	520	+	11	247	520	0.4750000
chr22	22804825	22805325	862	500	+	6	182	500	0.3640000
chr22	22814985	22815505	863	520	+	2	40	520	0.0769231
chr22	22817365	22817925	864	560	+	8	213	560	0.3803571
chr22	22818325	22818845	865	520	+	10	234	520	0.4500000
chr22	22823125	22823625	866	500	+	0	0	500	0.0000000
chr22	22829045	22829545	867	500	+	8	253	500	0.5060000
chr22	22832925	22833465	868	540	+	7	182	540	0.3370370
chr22	22834505	22835005	869	500	+	6	140	500	0.2800000
chr22	22835125	22835625	870	500	+	10	283	500	0.5660000
chr22	22839185	22839685	871	500	+	12	265	500	0.5300000
chr22	22861985	22862505	872	520	+	77	496	520	0.9538462
chr22	22862905	22863755	873	850	+	240	757	850	0.8905882
chr22	22871065	22871605	874	540	+	6	188	540	0.3481481
chr22	22873845	22874365	875	520	+	204	520	520	1.0000000
chr22	22874374	22874945	876	571	+	230	571	571	1.0000000
chr22	22875025	22875525	877	500	+	104	467	500	0.9340000
chr22	22888765	22889705	878	940	+	49	619	940	0.6585106
chr22	22890045	22890545	879	500	+	27	442	500	0.8840000
chr22	22890965	22891465	880	500	+	26	393	500	0.7860000
chr22	22895045	22895565	881	520	+	34	479	520	0.9211538
chr22	22896065	22896605	882	540	+	75	522	540	0.9666666
chr22	22896905	22897765	883	860	+	146	816	860	0.9488372
chr22	22899325	22899825	884	500	+	607	500	500	1.0000000
chr22	22899925	22900425	885	500	+	153	398	500	0.7960000
chr22	22900665	22901205	886	540	+	138	396	540	0.7333333
chr22	22901445	22902405	887	960	+	339	939	960	0.9781250
chr22	22908385	22908885	888	500	+	13	316	500	0.6320000
chr22	22918705	22919245	889	540	+	15	312	540	0.5777778
chr22	22921445	22921965	890	520	+	14	325	520	0.6250000
chr22	22929325	22929825	891	500	+	13	221	500	0.4420000
chr22	22936485	22937005	892	520	+	15	296	520	0.5692308
chr22	22958485	22959045	893	560	+	15	301	560	0.5375000
chr22	22973725	22974245	894	520	+	1	36	520	0.0692308
chr22	22978725	22979245	895	520	+	0	0	520	0.0000000
chr22	22986762	22987262	896	500	+	0	0	500	0.0000000
chr22	22988531	22989031	897	500	+	0	0	500	0.0000000
chr22	22994005	22994505	898	500	+	1	36	500	0.0720000
chr22	22996345	22996845	899	500	+	2	72	500	0.1440000
chr22	23008905	23009445	900	540	+	7	194	540	0.3592592
chr22	23023805	23024305	901	500	+	7	179	500	0.3580000
chr22	23027385	23027905	902	520	+	4	144	520	0.2769231
chr22	23030025	23030545	903	520	+	7	212	520	0.4076923
chr22	23035145	23035665	904	520	+	11	251	520	0.4826923
chr22	23045045	23045545	905	500	+	10	195	500	0.3900000
chr22	23046025	23046525	906	500	+	7	198	500	0.3960000
chr22	23050765	23051265	907	500	+	5	135	500	0.2700000
chr22	23052105	23052625	908	520	+	4	125	520	0.2403846
chr22	23053105	23053625	909	520	+	19	380	520	0.7307692
chr22	23062565	23063245	910	680	+	25	505	680	0.7426471
chr22	23064365	23064925	911	560	+	9	226	560	0.4035714
chr22	23078425	23079025	912	600	+	7	224	600	0.3733333
chr22	23088065	23088565	913	500	+	4	138	500	0.2760000
chr22	23090545	23091285	914	740	+	9	239	740	0.3229730
chr22	23094805	23095305	915	500	+	11	252	500	0.5040000
chr22	23095965	23096485	916	520	+	11	219	520	0.4211538
chr22	23112145	23112645	917	500	+	11	194	500	0.3880000
chr22	23112665	23113165	918	500	+	16	343	500	0.6860000
chr22	23130585	23131105	919	520	+	11	283	520	0.5442308
chr22	23144765	23145285	920	520	+	19	402	520	0.7730770
chr22	23152165	23152925	921	760	+	12	316	760	0.4157895
chr22	23172365	23172865	922	500	+	11	276	500	0.5520000
chr22	23178625	23179165	923	540	+	24	357	540	0.6611111
chr22	23180845	23181345	924	500	+	15	326	500	0.6520000
chr22	23189825	23190325	925	500	+	8	213	500	0.4260000
chr22	23190505	23191005	926	500	+	18	320	500	0.6400000
chr22	23197805	23198325	927	520	+	14	199	520	0.3826923
chr22	23219545	23220065	928	520	+	13	237	520	0.4557692
chr22	23226065	23226585	929	520	+	18	299	520	0.5750000
chr22	23229709	23230209	930	500	+	5	160	500	0.3200000
chr22	23265565	23266145	931	580	+	17	364	580	0.6275862
chr22	23267985	23268485	932	500	+	13	251	500	0.5020000
chr22	23270845	23271385	933	540	+	27	333	540	0.6166667
chr22	23284845	23285385	934	540	+	34	471	540	0.8722222
chr22	23285745	23286245	935	500	+	12	264	500	0.5280000
chr22	23296785	23297305	936	520	+	8	221	520	0.4250000
chr22	23297985	23298485	937	500	+	18	348	500	0.6960000
chr22	23301305	23301805	938	500	+	12	256	500	0.5120000
chr22	23316885	23317385	939	500	+	15	338	500	0.6760000
chr22	23318305	23318805	940	500	+	13	306	500	0.6120000
chr22	23337565	23338065	941	500	+	2	72	500	0.1440000
chr22	23339245	23339745	942	500	+	0	0	500	0.0000000
chr22	23358525	23359045	943	520	+	7	159	520	0.3057692
chr22	23371965	23372465	944	500	+	11	240	500	0.4800000
chr22	23377285	23377785	945	500	+	20	340	500	0.6800000
chr22	23380105	23380605	946	500	+	7	206	500	0.4120000
chr22	23409845	23410345	947	500	+	17	323	500	0.6460000
chr22	23412085	23412789	948	704	+	18	219	704	0.3110795
chr22	23426225	23426725	949	500	+	6	142	500	0.2840000
chr22	23428925	23430465	950	1540	+	44	802	1540	0.5207792
chr22	23430525	23431025	951	500	+	10	311	500	0.6220000
chr22	23442345	23442845	952	500	+	20	396	500	0.7920000
chr22	23449065	23449565	953	500	+	14	366	500	0.7320000
chr22	23451045	23451545	954	500	+	15	306	500	0.6120000
chr22	23453065	23453565	955	500	+	8	198	500	0.3960000
chr22	23461625	23462525	956	900	+	36	666	900	0.7400000
chr22	23470525	23471045	957	520	+	10	244	520	0.4692308
chr22	23480065	23480565	958	500	+	9	234	500	0.4680000
chr22	23483405	23483925	959	520	+	17	321	520	0.6173077
chr22	23483991	23484525	960	534	+	19	391	534	0.7322097
chr22	23487205	23487762	961	557	+	12	316	557	0.5673249
chr22	23489665	23490205	962	540	+	13	241	540	0.4462963
chr22	23508185	23508705	963	520	+	4	112	520	0.2153846
chr22	23516025	23516545	964	520	+	9	233	520	0.4480769
chr22	23518325	23518825	965	500	+	17	287	500	0.5740000
chr22	23519305	23519805	966	500	+	59	500	500	1.0000000
chr22	23520565	23521065	967	500	+	21	355	500	0.7100000
chr22	23521465	23521965	968	500	+	42	456	500	0.9120000
chr22	23522125	23523525	969	1400	+	260	1373	1400	0.9807143
chr22	23523945	23524445	970	500	+	21	385	500	0.7700000
chr22	23524685	23525185	971	500	+	71	500	500	1.0000000
chr22	23525405	23525945	972	540	+	57	537	540	0.9944444
chr22	23528065	23528585	973	520	+	25	359	520	0.6903846
chr22	23529325	23529845	974	520	+	15	369	520	0.7096154
chr22	23534285	23534785	975	500	+	26	405	500	0.8100000
chr22	23539985	23540505	976	520	+	28	466	520	0.8961539
chr22	23555985	23556505	977	520	+	8	248	520	0.4769231
chr22	23557325	23557825	978	500	+	25	403	500	0.8060000
chr22	23560805	23561585	979	780	+	63	666	780	0.8538461
chr22	23561905	23563045	980	1140	+	209	1133	1140	0.9938596
chr22	23564805	23565305	981	500	+	23	364	500	0.7280000
chr22	23565705	23566525	982	820	+	193	809	820	0.9865854
chr22	23568445	23569425	983	980	+	47	782	980	0.7979592
chr22	23569465	23570005	984	540	+	34	504	540	0.9333333
chr22	23579325	23579845	985	520	+	10	292	520	0.5615385
chr22	23582965	23583505	986	540	+	26	419	540	0.7759259
chr22	23584225	23585165	987	940	+	54	728	940	0.7744681
chr22	23585185	23585705	988	520	+	23	393	520	0.7557693
chr22	23590585	23591085	989	500	+	19	353	500	0.7060000
chr22	23592185	23592685	990	500	+	42	489	500	0.9780000
chr22	23592805	23593345	991	540	+	64	540	540	1.0000000
chr22	23593785	23594425	992	640	+	160	640	640	1.0000000
chr22	23604703	23605203	993	500	+	5	128	500	0.2560000
chr22	23611725	23612225	994	500	+	11	237	500	0.4740000
chr22	23612365	23612905	995	540	+	32	498	540	0.9222222
chr22	23621785	23622425	996	640	+	29	522	640	0.8156250
chr22	23623905	23624405	997	500	+	23	354	500	0.7080000
chr22	23632005	23632905	998	900	+	35	571	900	0.6344444
chr22	23644805	23645305	999	500	+	3	108	500	0.2160000
chr22	23657725	23658245	1000	520	+	2	72	520	0.1384615
chr22	23718385	23718905	1001	520	+	4	144	520	0.2769231
chr22	23724063	23724563	1002	500	+	2	71	500	0.1420000
chr22	23727985	23728525	1003	540	+	0	0	540	0.0000000
chr22	23744549	23745285	1004	736	+	9	212	736	0.2880435
chr22	23773465	23773985	1005	520	+	14	236	520	0.4538462
chr22	23775285	23776000	1006	715	+	4	135	715	0.1888112
chr22	23799705	23800265	1007	560	+	0	0	560	0.0000000
chr22	23802765	23803285	1008	520	+	0	0	520	0.0000000
chr22	23820265	23820785	1009	520	+	2	72	520	0.1384615
chr22	23828917	23829417	1010	500	+	0	0	500	0.0000000
chr22	23863065	23863565	1011	500	+	12	341	500	0.6820000
chr22	23863885	23864425	1012	540	+	25	275	540	0.5092593
chr22	23875405	23875945	1013	540	+	21	400	540	0.7407407
chr22	23875965	23876485	1014	520	+	13	225	520	0.4326923
chr22	23878365	23878985	1015	620	+	0	0	620	0.0000000
chr22	23880205	23880705	1016	500	+	4	100	500	0.2000000
chr22	23881705	23882205	1017	500	+	1	36	500	0.0720000
chr22	23885045	23885545	1018	500	+	0	0	500	0.0000000
chr22	23922245	23922745	1019	500	+	0	0	500	0.0000000
chr22	23922845	23923345	1020	500	+	0	0	500	0.0000000
chr22	23923525	23924025	1021	500	+	1	36	500	0.0720000
chr22	23933265	23933765	1022	500	+	3	97	500	0.1940000
chr22	23963345	23963845	1023	500	+	0	0	500	0.0000000
chr22	23964745	23965245	1024	500	+	2	72	500	0.1440000
chr22	23969565	23970065	1025	500	+	1	36	500	0.0720000
chr22	23974258	23974758	1026	500	+	1	36	500	0.0720000
chr22	23976365	23976865	1027	500	+	7	116	500	0.2320000
chr22	24016385	24016885	1028	500	+	2	72	500	0.1440000
chr22	24026745	24027265	1029	520	+	14	328	520	0.6307693
chr22	24027285	24027785	1030	500	+	3	88	500	0.1760000
chr22	24032797	24033297	1031	500	+	1	36	500	0.0720000
chr22	24057265	24057785	1032	520	+	4	131	520	0.2519231
chr22	24057965	24058465	1033	500	+	13	310	500	0.6200000
chr22	24059305	24059860	1034	555	+	50	512	555	0.9225225
chr22	24091825	24092325	1035	500	+	5	152	500	0.3040000
chr22	24092545	24093565	1036	1020	+	58	722	1020	0.7078431
chr22	24096380	24096880	1037	500	+	0	0	500	0.0000000
chr22	24104950	24105465	1038	515	+	2	72	515	0.1398058
chr22	24108765	24109305	1039	540	+	43	389	540	0.7203704
chr22	24109745	24110905	1040	1160	+	131	1012	1160	0.8724138
chr22	24113065	24113585	1041	520	+	7	182	520	0.3500000
chr22	24114425	24115255	1042	830	+	8	194	830	0.2337349
chr22	24128845	24129785	1043	940	+	118	856	940	0.9106383
chr22	24180949	24181645	1044	696	+	30	337	696	0.4841954
chr22	24188585	24189225	1045	640	+	5	173	640	0.2703125
chr22	24191605	24192165	1046	560	+	2	72	560	0.1285714
chr22	24198639	24199139	1047	500	+	1	36	500	0.0720000
chr22	24199685	24200225	1048	540	+	22	406	540	0.7518519
chr22	24200325	24200825	1049	500	+	15	226	500	0.4520000
chr22	24200905	24201405	1050	500	+	2	51	500	0.1020000
chr22	24204205	24204705	1051	500	+	2	71	500	0.1420000
chr22	24230405	24231425	1052	1020	+	78	826	1020	0.8098039
chr22	24236245	24237365	1053	1120	+	102	1003	1120	0.8955357
chr22	24237465	24237985	1054	520	+	49	510	520	0.9807692
chr22	24239805	24240305	1055	500	+	7	191	500	0.3820000
chr22	24240665	24241367	1056	702	+	2	39	702	0.0555556
chr22	24243585	24244285	1057	700	+	12	273	700	0.3900000
chr22	24256045	24256565	1058	520	+	15	225	520	0.4326923
chr22	24298665	24299205	1059	540	+	1	36	540	0.0666667
chr22	24299350	24299850	1060	500	+	0	0	500	0.0000000
chr22	24308775	24309275	1061	500	+	0	0	500	0.0000000
chr22	24313185	24313685	1062	500	+	8	206	500	0.4120000
chr22	24316430	24316930	1063	500	+	0	0	500	0.0000000
chr22	24321968	24322468	1064	500	+	0	0	500	0.0000000
chr22	24335845	24336365	1065	520	+	9	115	520	0.2211538
chr22	24347008	24347508	1066	500	+	0	0	500	0.0000000
chr22	24352985	24353485	1067	500	+	0	0	500	0.0000000
chr22	24359565	24360285	1068	720	+	35	447	720	0.6208333
chr22	24361005	24361505	1069	500	+	3	64	500	0.1280000
chr22	24368565	24369125	1070	560	+	0	0	560	0.0000000
chr22	24371785	24372685	1071	900	+	67	675	900	0.7500000
chr22	24372745	24373366	1072	621	+	81	502	621	0.8083736
chr22	24384061	24384565	1073	504	+	52	446	504	0.8849207
chr22	24388045	24388545	1074	500	+	9	152	500	0.3040000
chr22	24401649	24402149	1075	500	+	0	0	500	0.0000000
chr22	24405485	24405985	1076	500	+	7	220	500	0.4400000
chr22	24406265	24406765	1077	500	+	10	241	500	0.4820000
chr22	24407465	24408014	1078	549	+	20	322	549	0.5865210
chr22	24408645	24409385	1079	740	+	25	429	740	0.5797297
chr22	24429345	24429905	1080	560	+	0	0	560	0.0000000
chr22	24446385	24446885	1081	500	+	0	0	500	0.0000000
chr22	24486425	24487005	1082	580	+	15	363	580	0.6258621
chr22	24487705	24488205	1083	500	+	31	456	500	0.9120000
chr22	24542185	24542745	1084	560	+	6	165	560	0.2946429
chr22	24552785	24553345	1085	560	+	5	145	560	0.2589286
chr22	24571065	24571565	1086	500	+	1	36	500	0.0720000
chr22	24577193	24577693	1087	500	+	0	0	500	0.0000000
chr22	24591565	24592085	1088	520	+	1	36	520	0.0692308
chr22	24593925	24594445	1089	520	+	7	193	520	0.3711538
chr22	24602405	24603185	1090	780	+	5	180	780	0.2307692
chr22	24603845	24604405	1091	560	+	2	51	560	0.0910714
chr22	24640860	24641405	1092	545	+	2	71	545	0.1302752
chr22	24647338	24647838	1093	500	+	0	0	500	0.0000000
chr22	24655325	24655825	1094	500	+	2	36	500	0.0720000
chr22	24658305	24658805	1095	500	+	0	0	500	0.0000000
chr22	24666465	24667305	1096	840	+	69	690	840	0.8214286
chr22	24667665	24668165	1097	500	+	15	300	500	0.6000000
chr22	24670585	24671105	1098	520	+	0	0	520	0.0000000
chr22	24680625	24681125	1099	500	+	12	209	500	0.4180000
chr22	24685845	24686345	1100	500	+	18	309	500	0.6180000
chr22	24701125	24701685	1101	560	+	9	205	560	0.3660714
chr22	24721005	24721505	1102	500	+	1	36	500	0.0720000
chr22	24726465	24726965	1103	500	+	1	36	500	0.0720000
chr22	24802785	24803345	1104	560	+	4	144	560	0.2571429
chr22	24823279	24823779	1105	500	+	2	72	500	0.1440000
chr22	24841305	24842145	1106	840	+	24	540	840	0.6428571
chr22	24846565	24847065	1107	500	+	10	292	500	0.5840000
chr22	24851605	24852125	1108	520	+	4	87	520	0.1673077
chr22	24855725	24856285	1109	560	+	2	72	560	0.1285714
chr22	24856605	24857225	1110	620	+	14	316	620	0.5096774
chr22	24858885	24859385	1111	500	+	2	47	500	0.0940000
chr22	24861465	24861985	1112	520	+	8	201	520	0.3865385
chr22	24862845	24863385	1113	540	+	4	131	540	0.2425926
chr22	24878425	24878965	1114	540	+	1	34	540	0.0629630
chr22	24890792	24891500	1115	708	+	0	0	708	0.0000000
chr22	24899065	24899565	1116	500	+	2	72	500	0.1440000
chr22	24906125	24907105	1117	980	+	19	467	980	0.4765306
chr22	24907145	24907665	1118	520	+	6	155	520	0.2980769
chr22	24907985	24908505	1119	520	+	5	158	520	0.3038462
chr22	24910025	24910525	1120	500	+	2	72	500	0.1440000
chr22	24917625	24918165	1121	540	+	1	34	540	0.0629630
chr22	24921285	24921805	1122	520	+	3	108	520	0.2076923
chr22	24949905	24950405	1123	500	+	88	500	500	1.0000000
chr22	24951025	24952165	1124	1140	+	158	868	1140	0.7614035
chr22	24974305	24974805	1125	500	+	5	180	500	0.3600000
chr22	24988785	24989365	1126	580	+	10	212	580	0.3655172
chr22	24995965	24996465	1127	500	+	2	72	500	0.1440000
chr22	24998873	24999445	1128	572	+	1	36	572	0.0629371
chr22	24999525	25000025	1129	500	+	12	184	500	0.3680000
chr22	25000065	25000565	1130	500	+	6	145	500	0.2900000
chr22	25003285	25003805	1131	520	+	8	191	520	0.3673077
chr22	25018485	25018985	1132	500	+	0	0	500	0.0000000
chr22	25019125	25019625	1133	500	+	0	0	500	0.0000000
chr22	25026665	25027185	1134	520	+	3	81	520	0.1557692
chr22	25028545	25029165	1135	620	+	0	0	620	0.0000000
chr22	25030925	25031425	1136	500	+	3	82	500	0.1640000
chr22	25047445	25047945	1137	500	+	0	0	500	0.0000000
chr22	25054864	25055364	1138	500	+	0	0	500	0.0000000
chr22	25059985	25060485	1139	500	+	0	0	500	0.0000000
chr22	25092005	25092505	1140	500	+	4	131	500	0.2620000
chr22	25101985	25102485	1141	500	+	3	107	500	0.2140000
chr22	25103105	25103605	1142	500	+	10	241	500	0.4820000
chr22	25123025	25123825	1143	800	+	48	689	800	0.8612500
chr22	25124805	25125305	1144	500	+	62	458	500	0.9160000
chr22	25126225	25126745	1145	520	+	19	286	520	0.5500000
chr22	25147445	25147965	1146	520	+	12	259	520	0.4980769
chr22	25149085	25149585	1147	500	+	1	36	500	0.0720000
chr22	25149965	25150465	1148	500	+	2	72	500	0.1440000
chr22	25154005	25154585	1149	580	+	2	72	580	0.1241379
chr22	25160217	25160717	1150	500	+	0	0	500	0.0000000
chr22	25164705	25165205	1151	500	+	2	72	500	0.1440000
chr22	25170437	25170937	1152	500	+	0	0	500	0.0000000
chr22	25198865	25199365	1153	500	+	0	0	500	0.0000000
chr22	25201865	25202437	1154	572	+	5	153	572	0.2674825
chr22	25279325	25279825	1155	500	+	2	45	500	0.0900000
chr22	25290365	25290885	1156	520	+	5	177	520	0.3403846
chr22	25335064	25335564	1157	500	+	2	72	500	0.1440000
chr22	25347985	25348825	1158	840	+	3	108	840	0.1285714
chr22	25423690	25424190	1159	500	+	0	0	500	0.0000000
chr22	25496845	25497365	1160	520	+	8	200	520	0.3846154
chr22	25506865	25507365	1161	500	+	1	36	500	0.0720000
chr22	25508409	25508909	1162	500	+	3	66	500	0.1320000
chr22	25544245	25544745	1163	500	+	0	0	500	0.0000000
chr22	25595566	25596066	1164	500	+	1	36	500	0.0720000
chr22	25598265	25598765	1165	500	+	0	0	500	0.0000000
chr22	25615361	25615861	1166	500	+	0	0	500	0.0000000
chr22	25631725	25632285	1167	560	+	4	108	560	0.1928571
chr22	25713973	25714473	1168	500	+	0	0	500	0.0000000
chr22	25758105	25758605	1169	500	+	1	36	500	0.0720000
chr22	25777294	25777794	1170	500	+	0	0	500	0.0000000
chr22	25794425	25794945	1171	520	+	3	108	520	0.2076923
chr22	25796945	25797445	1172	500	+	2	37	500	0.0740000
chr22	25799645	25800225	1173	580	+	31	526	580	0.9068965
chr22	25801105	25801605	1174	500	+	4	118	500	0.2360000
chr22	25802365	25802905	1175	540	+	6	196	540	0.3629630
chr22	25815145	25815885	1176	740	+	9	215	740	0.2905405
chr22	25843065	25844303	1177	1238	+	53	951	1238	0.7681745
chr22	25844505	25845005	1178	500	+	24	353	500	0.7060000
chr22	25858405	25858925	1179	520	+	6	138	520	0.2653846
chr22	25884165	25884665	1180	500	+	1	16	500	0.0320000
chr22	25890585	25891085	1181	500	+	1	36	500	0.0720000
chr22	25941445	25941985	1182	540	+	5	145	540	0.2685185
chr22	25942625	25943165	1183	540	+	1	36	540	0.0666667
chr22	25959485	25959985	1184	500	+	3	99	500	0.1980000
chr22	25960345	25961110	1185	765	+	12	295	765	0.3856209
chr22	25961325	25961825	1186	500	+	6	147	500	0.2940000
chr22	25963085	25963625	1187	540	+	2	54	540	0.1000000
chr22	25998805	25999365	1188	560	+	0	0	560	0.0000000
chr22	26008985	26009485	1189	500	+	0	0	500	0.0000000
chr22	26023265	26023765	1190	500	+	2	72	500	0.1440000
chr22	26046665	26047225	1191	560	+	2	71	560	0.1267857
chr22	26062165	26062685	1192	520	+	1	36	520	0.0692308
chr22	26120005	26120505	1193	500	+	5	180	500	0.3600000
chr22	26121925	26122725	1194	800	+	38	613	800	0.7662500
chr22	26124005	26124505	1195	500	+	5	180	500	0.3600000
chr22	26136725	26137285	1196	560	+	14	324	560	0.5785714
chr22	26137685	26138360	1197	675	+	170	671	675	0.9940740
chr22	26138905	26139405	1198	500	+	60	439	500	0.8780000
chr22	26143205	26143825	1199	620	+	9	247	620	0.3983871
chr22	26144985	26145485	1200	500	+	11	219	500	0.4380000
chr22	26145745	26146285	1201	540	+	18	256	540	0.4740741
chr22	26146785	26147305	1202	520	+	12	244	520	0.4692308
chr22	26155725	26156225	1203	500	+	3	108	500	0.2160000
chr22	26158065	26158565	1204	500	+	17	357	500	0.7140000
chr22	26168745	26169245	1205	500	+	2	41	500	0.0820000
chr22	26212525	26213025	1206	500	+	5	165	500	0.3300000
chr22	26248865	26250005	1207	1140	+	44	820	1140	0.7192982
chr22	26565189	26565689	1208	500	+	0	0	500	0.0000000
chr22	26635445	26635945	1209	500	+	1	8	500	0.0160000
chr22	26717565	26718065	1210	500	+	6	160	500	0.3200000
chr22	26752565	26753065	1211	500	+	2	72	500	0.1440000
chr22	26756345	26756845	1212	500	+	8	208	500	0.4160000
chr22	26760365	26760885	1213	520	+	3	108	520	0.2076923
chr22	26763505	26764045	1214	540	+	1	36	540	0.0666667
chr22	26773385	26773905	1215	520	+	1	36	520	0.0692308
chr22	26794525	26795065	1216	540	+	3	85	540	0.1574074
chr22	26797045	26798105	1217	1060	+	17	455	1060	0.4292453
chr22	26799005	26799505	1218	500	+	13	331	500	0.6620000
chr22	26800765	26801325	1219	560	+	40	455	560	0.8125000
chr22	26805605	26806185	1220	580	+	7	200	580	0.3448276
chr22	26807165	26807665	1221	500	+	0	0	500	0.0000000
chr22	26824745	26825529	1222	784	+	8	197	784	0.2512755
chr22	26857045	26857585	1223	540	+	1	36	540	0.0666667
chr22	26858645	26859665	1224	1020	+	15	423	1020	0.4147059
chr22	26870525	26871025	1225	500	+	1	35	500	0.0700000
chr22	26873225	26873745	1226	520	+	12	314	520	0.6038461
chr22	26875025	26876305	1227	1280	+	147	1197	1280	0.9351562
chr22	26877625	26878125	1228	500	+	26	431	500	0.8620000
chr22	26878145	26878645	1229	500	+	16	368	500	0.7360000
chr22	26879205	26880445	1230	1240	+	121	1082	1240	0.8725806
chr22	26881025	26881525	1231	500	+	20	405	500	0.8100000
chr22	26882305	26882805	1232	500	+	4	109	500	0.2180000
chr22	26889145	26890045	1233	900	+	293	776	900	0.8622222
chr22	26892385	26892885	1234	500	+	3	106	500	0.2120000
chr22	26896485	26897005	1235	520	+	9	231	520	0.4442308
chr22	26898845	26899345	1236	500	+	6	145	500	0.2900000
chr22	26908222	26908765	1237	543	+	57	490	543	0.9023941
chr22	26914225	26914725	1238	500	+	19	353	500	0.7060000
chr22	26915405	26915905	1239	500	+	12	263	500	0.5260000
chr22	26916645	26917145	1240	500	+	1	36	500	0.0720000
chr22	26950805	26951305	1241	500	+	11	242	500	0.4840000
chr22	26964205	26964725	1242	520	+	12	285	520	0.5480769
chr22	26969145	26969645	1243	500	+	13	228	500	0.4560000
chr22	26980945	26981445	1244	500	+	11	289	500	0.5780000
chr22	26982425	26982945	1245	520	+	20	393	520	0.7557693
chr22	26984145	26984665	1246	520	+	29	415	520	0.7980769
chr22	26985839	26986425	1247	586	+	21	328	586	0.5597270
chr22	26992845	26993365	1248	520	+	5	144	520	0.2769231
chr22	27002485	27002985	1249	500	+	7	208	500	0.4160000
chr22	27004045	27004565	1250	520	+	3	108	520	0.2076923
chr22	27013605	27014241	1251	636	+	63	620	636	0.9748428
chr22	27014385	27014885	1252	500	+	28	342	500	0.6840000
chr22	27017677	27018177	1253	500	+	6	164	500	0.3280000
chr22	27022805	27023305	1254	500	+	2	72	500	0.1440000
chr22	27024605	27025125	1255	520	+	11	300	520	0.5769231
chr22	27026105	27026705	1256	600	+	46	548	600	0.9133334
chr22	27028445	27028985	1257	540	+	69	539	540	0.9981481
chr22	27036525	27037085	1258	560	+	8	208	560	0.3714286
chr22	27037845	27038565	1259	720	+	81	644	720	0.8944445
chr22	27038785	27039725	1260	940	+	60	825	940	0.8776596
chr22	27041105	27041605	1261	500	+	20	333	500	0.6660000
chr22	27053195	27053695	1262	500	+	1	36	500	0.0720000
chr22	27054785	27055285	1263	500	+	15	333	500	0.6660000
chr22	27061385	27061885	1264	500	+	4	114	500	0.2280000
chr22	27064805	27065345	1265	540	+	4	105	540	0.1944444
chr22	27068425	27069205	1266	780	+	166	775	780	0.9935898
chr22	27074865	27075385	1267	520	+	2	49	520	0.0942308
chr22	27084225	27084765	1268	540	+	2	55	540	0.1018519
chr22	27103465	27103965	1269	500	+	2	42	500	0.0840000
chr22	27109905	27110405	1270	500	+	3	103	500	0.2060000
chr22	27173345	27173865	1271	520	+	1	36	520	0.0692308
chr22	27231805	27232325	1272	520	+	3	108	520	0.2076923
chr22	27299004	27299504	1273	500	+	0	0	500	0.0000000
chr22	27456230	27456730	1274	500	+	1	36	500	0.0720000
chr22	27530225	27530765	1275	540	+	10	258	540	0.4777778
chr22	27550585	27551145	1276	560	+	5	163	560	0.2910714
chr22	27583227	27583727	1277	500	+	0	0	500	0.0000000
chr22	27706361	27706861	1278	500	+	1	36	500	0.0720000
chr22	27710285	27710805	1279	520	+	11	146	520	0.2807692
chr22	27953485	27953985	1280	500	+	0	0	500	0.0000000
chr22	27990625	27991145	1281	520	+	5	138	520	0.2653846
chr22	28023345	28023845	1282	500	+	3	98	500	0.1960000
chr22	28028845	28029365	1283	520	+	2	45	520	0.0865385
chr22	28058585	28059105	1284	520	+	2	72	520	0.1384615
chr22	28065205	28065725	1285	520	+	44	489	520	0.9403846
chr22	28066565	28067065	1286	500	+	47	384	500	0.7680000
chr22	28067085	28067585	1287	500	+	91	460	500	0.9200000
chr22	28081405	28081905	1288	500	+	1	36	500	0.0720000
chr22	28114125	28114625	1289	500	+	46	484	500	0.9680000
chr22	28115545	28116045	1290	500	+	27	424	500	0.8480000
chr22	28122585	28123105	1291	520	+	92	458	520	0.8807693
chr22	28197236	28197736	1292	500	+	1	19	500	0.0380000
chr22	28225585	28226085	1293	500	+	5	154	500	0.3080000
chr22	28238505	28239005	1294	500	+	3	108	500	0.2160000
chr22	28242865	28243425	1295	560	+	15	351	560	0.6267857
chr22	28245345	28245865	1296	520	+	1	36	520	0.0692308
chr22	28276745	28277245	1297	500	+	1	35	500	0.0700000
chr22	28279485	28279985	1298	500	+	0	0	500	0.0000000
chr22	28307205	28307725	1299	520	+	1	12	520	0.0230769
chr22	28309105	28309625	1300	520	+	24	442	520	0.8500000
chr22	28314305	28315005	1301	700	+	36	570	700	0.8142857
chr22	28315044	28315625	1302	581	+	43	402	581	0.6919105
chr22	28315965	28316485	1303	520	+	48	395	520	0.7596154
chr22	28348045	28348565	1304	520	+	2	37	520	0.0711538
chr22	28361485	28362005	1305	520	+	1	36	520	0.0692308
chr22	28386665	28387345	1306	680	+	9	262	680	0.3852941
chr22	28405205	28405725	1307	520	+	2	72	520	0.1384615
chr22	28421185	28421685	1308	500	+	2	72	500	0.1440000
chr22	28423385	28423945	1309	560	+	6	210	560	0.3750000
chr22	28428825	28429365	1310	540	+	8	247	540	0.4574074
chr22	28430985	28431505	1311	520	+	6	188	520	0.3615385
chr22	28447645	28448165	1312	520	+	3	107	520	0.2057692
chr22	28471145	28471645	1313	500	+	2	53	500	0.1060000
chr22	28508645	28509165	1314	520	+	7	186	520	0.3576923
chr22	28637825	28638325	1315	500	+	21	305	500	0.6100000
chr22	28639305	28639905	1316	600	+	12	280	600	0.4666667
chr22	28640725	28641285	1317	560	+	11	205	560	0.3660714
chr22	28643545	28644065	1318	520	+	13	326	520	0.6269231
chr22	28693525	28694025	1319	500	+	1	36	500	0.0720000
chr22	28711945	28712485	1320	540	+	5	179	540	0.3314815
chr22	28747545	28748045	1321	500	+	0	0	500	0.0000000
chr22	28765765	28766325	1322	560	+	4	143	560	0.2553571
chr22	28769885	28770385	1323	500	+	0	0	500	0.0000000
chr22	28791925	28792465	1324	540	+	2	72	540	0.1333333
chr22	28805925	28806465	1325	540	+	1	36	540	0.0666667
chr22	28838145	28838665	1326	520	+	14	284	520	0.5461538
chr22	28839365	28839925	1327	560	+	2	72	560	0.1285714
chr22	28844605	28845125	1328	520	+	11	226	520	0.4346154
chr22	28940345	28940865	1329	520	+	6	167	520	0.3211538
chr22	28956305	28956805	1330	500	+	51	410	500	0.8200000
chr22	28957405	28957905	1331	500	+	21	334	500	0.6680000
chr22	28958425	28958925	1332	500	+	13	310	500	0.6200000
chr22	28970325	28970885	1333	560	+	1	36	560	0.0642857
chr22	28985065	28985605	1334	540	+	2	72	540	0.1333333
chr22	28990565	28991105	1335	540	+	1	36	540	0.0666667
chr22	28996465	28996985	1336	520	+	2	72	520	0.1384615
chr22	29004365	29004865	1337	500	+	4	76	500	0.1520000
chr22	29005865	29006385	1338	520	+	5	137	520	0.2634615
chr22	29016425	29016965	1339	540	+	5	167	540	0.3092593
chr22	29051685	29052585	1340	900	+	13	302	900	0.3355556
chr22	29066105	29066605	1341	500	+	3	95	500	0.1900000
chr22	29069985	29070485	1342	500	+	0	0	500	0.0000000
chr22	29075585	29076103	1343	518	+	6	126	518	0.2432432
chr22	29082525	29083025	1344	500	+	0	0	500	0.0000000
chr22	29136085	29136625	1345	540	+	21	383	540	0.7092593
chr22	29137572	29138825	1346	1253	+	42	731	1253	0.5833998
chr22	29168385	29168911	1347	526	+	38	515	526	0.9790875
chr22	29169385	29169885	1348	500	+	27	338	500	0.6760000
chr22	29175745	29176285	1349	540	+	22	415	540	0.7685185
chr22	29195205	29195805	1350	600	+	121	597	600	0.9950000
chr22	29196310	29196885	1351	575	+	91	555	575	0.9652174
chr22	29198165	29198665	1352	500	+	36	458	500	0.9160000
chr22	29207685	29208185	1353	500	+	7	203	500	0.4060000
chr22	29218825	29219405	1354	580	+	3	108	580	0.1862069
chr22	29225285	29225785	1355	500	+	1	36	500	0.0720000
chr22	29251545	29252085	1356	540	+	1	36	540	0.0666667
chr22	29264305	29264825	1357	520	+	0	0	520	0.0000000
chr22	29269445	29269965	1358	520	+	2	72	520	0.1384615
chr22	29278445	29278985	1359	540	+	27	403	540	0.7462963
chr22	29279225	29279745	1360	520	+	1	36	520	0.0692308
chr22	29280665	29281165	1361	500	+	7	171	500	0.3420000
chr22	29281385	29282345	1362	960	+	3	108	960	0.1125000
chr22	29283085	29283605	1363	520	+	2	72	520	0.1384615
chr22	29288045	29288545	1364	500	+	4	124	500	0.2480000
chr22	29305245	29305745	1365	500	+	4	130	500	0.2600000
chr22	29313126	29313626	1366	500	+	3	108	500	0.2160000
chr22	29322925	29323425	1367	500	+	1	36	500	0.0720000
chr22	29323485	29324025	1368	540	+	9	250	540	0.4629630
chr22	29326305	29326805	1369	500	+	1	36	500	0.0720000
chr22	29358105	29358625	1370	520	+	5	92	520	0.1769231
chr22	29372505	29373045	1371	540	+	2	53	540	0.0981481
chr22	29374125	29374625	1372	500	+	0	0	500	0.0000000
chr22	29424425	29424925	1373	500	+	4	119	500	0.2380000
chr22	29425865	29426405	1374	540	+	9	270	540	0.5000000
chr22	29427214	29427765	1375	551	+	97	551	551	1.0000000
chr22	29436545	29437105	1376	560	+	3	54	560	0.0964286
chr22	29454945	29455445	1377	500	+	5	126	500	0.2520000
chr22	29457657	29458157	1378	500	+	1	36	500	0.0720000
chr22	29467025	29467525	1379	500	+	3	108	500	0.2160000
chr22	29467765	29468265	1380	500	+	3	108	500	0.2160000
chr22	29468525	29469315	1381	790	+	15	312	790	0.3949367
chr22	29474745	29475265	1382	520	+	36	485	520	0.9326923
chr22	29479805	29480445	1383	640	+	2	72	640	0.1125000
chr22	29485305	29485925	1384	620	+	5	163	620	0.2629032
chr22	29490905	29491405	1385	500	+	2	37	500	0.0740000
chr22	29492885	29493665	1386	780	+	63	707	780	0.9064103
chr22	29498985	29499485	1387	500	+	1	36	500	0.0720000
chr22	29501365	29501865	1388	500	+	6	177	500	0.3540000
chr22	29504145	29504645	1389	500	+	3	65	500	0.1300000
chr22	29505805	29506325	1390	520	+	43	506	520	0.9730769
chr22	29514065	29514625	1391	560	+	5	144	560	0.2571429
chr22	29521805	29522325	1392	520	+	2	72	520	0.1384615
chr22	29525245	29525765	1393	520	+	13	323	520	0.6211538
chr22	29548285	29548785	1394	500	+	106	497	500	0.9940000
chr22	29548845	29549345	1395	500	+	91	470	500	0.9400000
chr22	29550345	29550865	1396	520	+	8	188	520	0.3615385
chr22	29552445	29552945	1397	500	+	1	36	500	0.0720000
chr22	29553685	29554225	1398	540	+	13	346	540	0.6407408
chr22	29588385	29588905	1399	520	+	11	225	520	0.4326923
chr22	29591525	29592405	1400	880	+	128	872	880	0.9909091
chr22	29593005	29593505	1401	500	+	14	310	500	0.6200000
chr22	29598145	29599105	1402	960	+	77	810	960	0.8437500
chr22	29599385	29599965	1403	580	+	4	122	580	0.2103448
chr22	29601650	29602150	1404	500	+	11	211	500	0.4220000
chr22	29635485	29635985	1405	500	+	0	0	500	0.0000000
chr22	29641425	29641945	1406	520	+	5	127	520	0.2442308
chr22	29662485	29662985	1407	500	+	62	480	500	0.9600000
chr22	29663725	29664247	1408	522	+	233	507	522	0.9712644
chr22	29666325	29666865	1409	540	+	1	36	540	0.0666667
chr22	29697545	29698045	1410	500	+	2	38	500	0.0760000
chr22	29699525	29700045	1411	520	+	12	179	520	0.3442308
chr22	29702025	29703725	1412	1700	+	101	1288	1700	0.7576470
chr22	29705205	29705705	1413	500	+	7	216	500	0.4320000
chr22	29706865	29707405	1414	540	+	8	207	540	0.3833333
chr22	29711495	29711995	1415	500	+	0	0	500	0.0000000
chr22	29716405	29716985	1416	580	+	1	35	580	0.0603448
chr22	29738465	29738965	1417	500	+	4	143	500	0.2860000
chr22	29756645	29757165	1418	520	+	0	0	520	0.0000000
chr22	29760005	29760525	1419	520	+	4	97	520	0.1865385
chr22	29762845	29763345	1420	500	+	1	36	500	0.0720000
chr22	29765345	29765845	1421	500	+	9	236	500	0.4720000
chr22	29766325	29766825	1422	500	+	2	72	500	0.1440000
chr22	29778805	29779325	1423	520	+	46	472	520	0.9076923
chr22	29779585	29780185	1424	600	+	22	397	600	0.6616667
chr22	29783685	29784185	1425	500	+	14	303	500	0.6060000
chr22	29784322	29784865	1426	543	+	20	354	543	0.6519337
chr22	29789125	29789685	1427	560	+	2	72	560	0.1285714
chr22	29790885	29791385	1428	500	+	3	43	500	0.0860000
chr22	29800505	29801005	1429	500	+	0	0	500	0.0000000
chr22	29804945	29805445	1430	500	+	1	22	500	0.0440000
chr22	29808725	29809325	1431	600	+	0	0	600	0.0000000
chr22	29815945	29816485	1432	540	+	0	0	540	0.0000000
chr22	29818985	29819485	1433	500	+	1	36	500	0.0720000
chr22	29827885	29828385	1434	500	+	0	0	500	0.0000000
chr22	29834321	29834821	1435	500	+	0	0	500	0.0000000
chr22	29837868	29838368	1436	500	+	0	0	500	0.0000000
chr22	29853705	29854205	1437	500	+	4	124	500	0.2480000
chr22	29866305	29866805	1438	500	+	2	45	500	0.0900000
chr22	29873865	29874365	1439	500	+	4	128	500	0.2560000
chr22	29874385	29874885	1440	500	+	2	72	500	0.1440000
chr22	29875905	29876430	1441	525	+	1	36	525	0.0685714
chr22	29876785	29877325	1442	540	+	15	242	540	0.4481482
chr22	29877525	29878025	1443	500	+	22	377	500	0.7540000
chr22	29899925	29900425	1444	500	+	12	292	500	0.5840000
chr22	29916725	29917245	1445	520	+	15	324	520	0.6230769
chr22	29935045	29935585	1446	540	+	10	242	540	0.4481482
chr22	29949486	29950085	1447	599	+	38	483	599	0.8063439
chr22	29959545	29960065	1448	520	+	9	264	520	0.5076923
chr22	29965065	29965585	1449	520	+	19	361	520	0.6942308
chr22	29975685	29976345	1450	660	+	17	385	660	0.5833333
chr22	29976835	29977425	1451	590	+	22	364	590	0.6169491
chr22	29977685	29978205	1452	520	+	19	232	520	0.4461538
chr22	29978585	29979085	1453	500	+	2	72	500	0.1440000
chr22	29983945	29984445	1454	500	+	5	138	500	0.2760000
chr22	29985845	29986365	1455	520	+	8	194	520	0.3730769
chr22	29989865	29990365	1456	500	+	5	161	500	0.3220000
chr22	29993225	29993725	1457	500	+	1	36	500	0.0720000
chr22	29997325	29997825	1458	500	+	1	36	500	0.0720000
chr22	29999125	29999794	1459	669	+	37	445	669	0.6651719
chr22	30000445	30001045	1460	600	+	15	379	600	0.6316667
chr22	30018025	30018525	1461	500	+	1	22	500	0.0440000
chr22	30019565	30020165	1462	600	+	9	225	600	0.3750000
chr22	30020325	30020885	1463	560	+	2	72	560	0.1285714
chr22	30021465	30022025	1464	560	+	2	68	560	0.1214286
chr22	30025345	30025845	1465	500	+	3	108	500	0.2160000
chr22	30029385	30029925	1466	540	+	8	234	540	0.4333333
chr22	30031665	30032165	1467	500	+	2	72	500	0.1440000
chr22	30054085	30054625	1468	540	+	2	54	540	0.1000000
chr22	30085645	30086145	1469	500	+	1	36	500	0.0720000
chr22	30097125	30097645	1470	520	+	5	180	520	0.3461539
chr22	30112665	30113165	1471	500	+	4	132	500	0.2640000
chr22	30116093	30116593	1472	500	+	0	0	500	0.0000000
chr22	30121985	30122505	1473	520	+	2	72	520	0.1384615
chr22	30123025	30123565	1474	540	+	0	0	540	0.0000000
chr22	30128085	30128625	1475	540	+	2	72	540	0.1333333
chr22	30129305	30129805	1476	500	+	1	36	500	0.0720000
chr22	30146485	30146985	1477	500	+	6	173	500	0.3460000
chr22	30147005	30147525	1478	520	+	12	308	520	0.5923077
chr22	30162105	30162625	1479	520	+	25	380	520	0.7307692
chr22	30162719	30163607	1480	888	+	182	820	888	0.9234234
chr22	30164165	30164665	1481	500	+	23	399	500	0.7980000
chr22	30168205	30168725	1482	520	+	4	108	520	0.2076923
chr22	30172545	30173125	1483	580	+	5	165	580	0.2844827
chr22	30176745	30177265	1484	520	+	27	364	520	0.7000000
chr22	30194285	30194785	1485	500	+	26	449	500	0.8980000
chr22	30195125	30195625	1486	500	+	57	500	500	1.0000000
chr22	30209485	30210025	1487	540	+	6	171	540	0.3166667
chr22	30217285	30217825	1488	540	+	14	358	540	0.6629630
chr22	30223065	30224025	1489	960	+	4	114	960	0.1187500
chr22	30234043	30234625	1490	582	+	20	335	582	0.5756014
chr22	30236445	30236965	1491	520	+	6	123	520	0.2365385
chr22	30237525	30238225	1492	700	+	1	36	700	0.0514286
chr22	30238625	30239125	1493	500	+	2	72	500	0.1440000
chr22	30251525	30252025	1494	500	+	2	52	500	0.1040000
chr22	30267645	30268205	1495	560	+	4	144	560	0.2571429
chr22	30278845	30279805	1496	960	+	35	540	960	0.5625000
chr22	30297285	30297825	1497	540	+	2	72	540	0.1333333
chr22	30298485	30298985	1498	500	+	0	0	500	0.0000000
chr22	30303645	30304165	1499	520	+	24	265	520	0.5096154
chr22	30308585	30309085	1500	500	+	4	117	500	0.2340000
chr22	30319905	30320405	1501	500	+	0	0	500	0.0000000
chr22	30334065	30334605	1502	540	+	3	82	540	0.1518518
chr22	30340205	30340785	1503	580	+	1	36	580	0.0620690
chr22	30342125	30342645	1504	520	+	4	113	520	0.2173077
chr22	30345725	30346225	1505	500	+	0	0	500	0.0000000
chr22	30348025	30348805	1506	780	+	58	655	780	0.8397436
chr22	30350145	30350645	1507	500	+	3	108	500	0.2160000
chr22	30362385	30362885	1508	500	+	0	0	500	0.0000000
chr22	30383925	30384425	1509	500	+	3	108	500	0.2160000
chr22	30390225	30390725	1510	500	+	8	198	500	0.3960000
chr22	30390905	30391405	1511	500	+	21	350	500	0.7000000
chr22	30394525	30395025	1512	500	+	0	0	500	0.0000000
chr22	30401145	30401665	1513	520	+	1	36	520	0.0692308
chr22	30410225	30410745	1514	520	+	9	205	520	0.3942308
chr22	30432585	30433105	1515	520	+	2	72	520	0.1384615
chr22	30443285	30443785	1516	500	+	1	36	500	0.0720000
chr22	30444485	30444985	1517	500	+	2	72	500	0.1440000
chr22	30450665	30451165	1518	500	+	1	36	500	0.0720000
chr22	30475807	30476719	1519	912	+	1	36	912	0.0394737
chr22	30484825	30485345	1520	520	+	0	0	520	0.0000000
chr22	30504545	30505065	1521	520	+	1	36	520	0.0692308
chr22	30523625	30524125	1522	500	+	1	36	500	0.0720000
chr22	30540345	30540845	1523	500	+	5	167	500	0.3340000
chr22	30577605	30578105	1524	500	+	1	36	500	0.0720000
chr22	30579785	30580305	1525	520	+	1	36	520	0.0692308
chr22	30591145	30591685	1526	540	+	5	159	540	0.2944444
chr22	30591965	30592525	1527	560	+	17	349	560	0.6232143
chr22	30604705	30605225	1528	520	+	54	434	520	0.8346154
chr22	30608465	30609025	1529	560	+	5	168	560	0.3000000
chr22	30612585	30613085	1530	500	+	20	342	500	0.6840000
chr22	30614985	30615505	1531	520	+	1	36	520	0.0692308
chr22	30634465	30635005	1532	540	+	3	107	540	0.1981481
chr22	30642590	30643090	1533	500	+	1	6	500	0.0120000
chr22	30651745	30652485	1534	740	+	7	206	740	0.2783784
chr22	30658785	30659305	1535	520	+	2	59	520	0.1134615
chr22	30661985	30662485	1536	500	+	4	144	500	0.2880000
chr22	30662582	30663082	1537	500	+	1	36	500	0.0720000
chr22	30666665	30667245	1538	580	+	3	107	580	0.1844828
chr22	30680145	30680645	1539	500	+	7	205	500	0.4100000
chr22	30682725	30683225	1540	500	+	6	167	500	0.3340000
chr22	30683745	30684265	1541	520	+	6	190	520	0.3653846
chr22	30685366	30685965	1542	599	+	6	145	599	0.2420701
chr22	30701425	30702525	1543	1100	+	25	626	1100	0.5690909
chr22	30704445	30704945	1544	500	+	8	207	500	0.4140000
chr22	30705725	30706225	1545	500	+	1	36	500	0.0720000
chr22	30710765	30711345	1546	580	+	6	204	580	0.3517241
chr22	30721005	30721525	1547	520	+	10	238	520	0.4576923
chr22	30722705	30723345	1548	640	+	20	276	640	0.4312500
chr22	30723865	30724425	1549	560	+	13	319	560	0.5696428
chr22	30752373	30753205	1550	832	+	70	649	832	0.7800481
chr22	30773644	30774144	1551	500	+	3	87	500	0.1740000
chr22	30783052	30783745	1552	693	+	9	184	693	0.2655123
chr22	30787045	30787605	1553	560	+	18	327	560	0.5839286
chr22	30788585	30789185	1554	600	+	12	285	600	0.4750000
chr22	30792679	30793179	1555	500	+	0	0	500	0.0000000
chr22	30797985	30798505	1556	520	+	14	299	520	0.5750000
chr22	30804725	30805225	1557	500	+	6	191	500	0.3820000
chr22	30816345	30816865	1558	520	+	43	503	520	0.9673077
chr22	30817545	30818065	1559	520	+	77	515	520	0.9903846
chr22	30818725	30819265	1560	540	+	154	540	540	1.0000000
chr22	30819785	30820285	1561	500	+	51	309	500	0.6180000
chr22	30820405	30820905	1562	500	+	73	496	500	0.9920000
chr22	30821360	30821885	1563	525	+	48	423	525	0.8057143
chr22	30822365	30822885	1564	520	+	26	412	520	0.7923077
chr22	30830685	30831305	1565	620	+	15	385	620	0.6209677
chr22	30834525	30835045	1566	520	+	5	105	520	0.2019231
chr22	30836985	30837525	1567	540	+	2	72	540	0.1333333
chr22	30838305	30838845	1568	540	+	9	203	540	0.3759259
chr22	30840425	30841565	1569	1140	+	34	570	1140	0.5000000
chr22	30847365	30847865	1570	500	+	0	0	500	0.0000000
chr22	30867784	30868284	1571	500	+	2	72	500	0.1440000
chr22	30877493	30877993	1572	500	+	1	36	500	0.0720000
chr22	30881285	30881825	1573	540	+	5	176	540	0.3259259
chr22	30886285	30886785	1574	500	+	3	83	500	0.1660000
chr22	30901448	30901948	1575	500	+	4	124	500	0.2480000
chr22	30902365	30902885	1576	520	+	48	492	520	0.9461538
chr22	30919705	30920225	1577	520	+	4	133	520	0.2557692
chr22	30933365	30933865	1578	500	+	5	151	500	0.3020000
chr22	30938445	30938985	1579	540	+	7	221	540	0.4092593
chr22	30942419	30942919	1580	500	+	1	36	500	0.0720000
chr22	30956525	30957045	1581	520	+	2	45	520	0.0865385
chr22	30968606	30969106	1582	500	+	1	36	500	0.0720000
chr22	30986965	30987485	1583	520	+	104	519	520	0.9980769
chr22	30987945	30988465	1584	520	+	78	360	520	0.6923077
chr22	30997925	30998425	1585	500	+	1	36	500	0.0720000
chr22	30999885	31000385	1586	500	+	5	143	500	0.2860000
chr22	31001485	31002005	1587	520	+	11	295	520	0.5673077
chr22	31002750	31003425	1588	675	+	29	539	675	0.7985185
chr22	31005205	31005725	1589	520	+	69	498	520	0.9576923
chr22	31026945	31027445	1590	500	+	0	0	500	0.0000000
chr22	31030325	31030845	1591	520	+	5	128	520	0.2461538
chr22	31031405	31032051	1592	646	+	9	229	646	0.3544892
chr22	31033525	31034025	1593	500	+	3	105	500	0.2100000
chr22	31040725	31041225	1594	500	+	1	36	500	0.0720000
chr22	31045285	31045805	1595	520	+	8	129	520	0.2480769
chr22	31046425	31046925	1596	500	+	8	187	500	0.3740000
chr22	31063605	31064165	1597	560	+	26	381	560	0.6803572
chr22	31070425	31070925	1598	500	+	9	252	500	0.5040000
chr22	31071385	31071905	1599	520	+	4	115	520	0.2211538
chr22	31077005	31077625	1600	620	+	1	36	620	0.0580645
chr22	31087065	31087565	1601	500	+	5	121	500	0.2420000
chr22	31090542	31091042	1602	500	+	2	54	500	0.1080000
chr22	31093945	31094445	1603	500	+	2	41	500	0.0820000
chr22	31097765	31098305	1604	540	+	3	108	540	0.2000000
chr22	31115765	31116305	1605	540	+	7	220	540	0.4074074
chr22	31116345	31116865	1606	520	+	8	260	520	0.5000000
chr22	31124765	31125265	1607	500	+	17	303	500	0.6060000
chr22	31135965	31136485	1608	520	+	3	87	520	0.1673077
chr22	31140165	31140685	1609	520	+	14	249	520	0.4788462
chr22	31151305	31151805	1610	500	+	0	0	500	0.0000000
chr22	31159685	31160185	1611	500	+	0	0	500	0.0000000
chr22	31198685	31199185	1612	500	+	0	0	500	0.0000000
chr22	31202305	31202805	1613	500	+	2	55	500	0.1100000
chr22	31268125	31268665	1614	540	+	13	262	540	0.4851852
chr22	31274885	31275385	1615	500	+	7	216	500	0.4320000
chr22	31277365	31277905	1616	540	+	69	540	540	1.0000000
chr22	31278865	31279365	1617	500	+	14	221	500	0.4420000
chr22	31316265	31316765	1618	500	+	0	0	500	0.0000000
chr22	31318044	31318544	1619	500	+	2	71	500	0.1420000
chr22	31358805	31359425	1620	620	+	3	74	620	0.1193548
chr22	31364023	31364785	1621	762	+	62	678	762	0.8897638
chr22	31364885	31365446	1622	561	+	58	537	561	0.9572192
chr22	31365625	31366165	1623	540	+	43	471	540	0.8722222
chr22	31386565	31387145	1624	580	+	3	108	580	0.1862069
chr22	31390825	31391405	1625	580	+	2	72	580	0.1241379
chr22	31392325	31392905	1626	580	+	0	0	580	0.0000000
chr22	31394285	31394805	1627	520	+	2	57	520	0.1096154
chr22	31442185	31443105	1628	920	+	17	394	920	0.4282609
chr22	31449025	31449605	1629	580	+	5	128	580	0.2206897
chr22	31455745	31456245	1630	500	+	29	221	500	0.4420000
chr22	31457025	31457565	1631	540	+	0	0	540	0.0000000
chr22	31459805	31460325	1632	520	+	52	478	520	0.9192308
chr22	31460665	31461265	1633	600	+	4	125	600	0.2083333
chr22	31476665	31477531	1634	866	+	53	758	866	0.8752887
chr22	31478505	31479025	1635	520	+	14	295	520	0.5673077
chr22	31479925	31480665	1636	740	+	62	645	740	0.8716216
chr22	31480685	31481565	1637	880	+	128	787	880	0.8943182
chr22	31482845	31483345	1638	500	+	9	278	500	0.5560000
chr22	31485025	31485525	1639	500	+	7	174	500	0.3480000
chr22	31494545	31495045	1640	500	+	0	0	500	0.0000000
chr22	31498325	31498865	1641	540	+	15	339	540	0.6277778
chr22	31503323	31504025	1642	702	+	15	230	702	0.3276353
chr22	31514405	31515525	1643	1120	+	13	402	1120	0.3589286
chr22	31518658	31519158	1644	500	+	6	122	500	0.2440000
chr22	31523045	31523925	1645	880	+	15	287	880	0.3261364
chr22	31526805	31527345	1646	540	+	6	132	540	0.2444444
chr22	31536265	31536843	1647	578	+	1	36	578	0.0622837
chr22	31544905	31545445	1648	540	+	8	245	540	0.4537037
chr22	31555885	31556405	1649	520	+	24	294	520	0.5653846
chr22	31607905	31608425	1650	520	+	13	266	520	0.5115384
chr22	31609265	31609765	1651	500	+	11	264	500	0.5280000
chr22	31613345	31613865	1652	520	+	14	245	520	0.4711539
chr22	31618625	31619225	1653	600	+	2	46	600	0.0766667
chr22	31623765	31624265	1654	500	+	3	80	500	0.1600000
chr22	31625605	31626125	1655	520	+	18	310	520	0.5961539
chr22	31627125	31627625	1656	500	+	8	222	500	0.4440000
chr22	31637125	31637625	1657	500	+	1	24	500	0.0480000
chr22	31639885	31640405	1658	520	+	1	36	520	0.0692308
chr22	31644025	31644597	1659	572	+	5	146	572	0.2552448
chr22	31680425	31681005	1660	580	+	2	72	580	0.1241379
chr22	31686505	31687045	1661	540	+	36	392	540	0.7259259
chr22	31687705	31688205	1662	500	+	15	299	500	0.5980000
chr22	31688265	31688785	1663	520	+	10	233	520	0.4480769
chr22	31689565	31690065	1664	500	+	1	36	500	0.0720000
chr22	31691725	31692245	1665	520	+	14	223	520	0.4288462
chr22	31695885	31696385	1666	500	+	0	0	500	0.0000000
chr22	31709185	31709685	1667	500	+	1	17	500	0.0340000
chr22	31731084	31731584	1668	500	+	2	71	500	0.1420000
chr22	31741685	31742994	1669	1309	+	15	427	1309	0.3262032
chr22	31746365	31746865	1670	500	+	0	0	500	0.0000000
chr22	31794205	31794705	1671	500	+	2	72	500	0.1440000
chr22	31795245	31795788	1672	543	+	89	506	543	0.9318600
chr22	31884645	31885145	1673	500	+	12	282	500	0.5640000
chr22	31885585	31886125	1674	540	+	41	458	540	0.8481482
chr22	31886365	31886885	1675	520	+	141	520	520	1.0000000
chr22	31891874	31892685	1676	811	+	26	648	811	0.7990136
chr22	31892865	31893365	1677	500	+	17	346	500	0.6920000
chr22	31913545	31914105	1678	560	+	7	196	560	0.3500000
chr22	31920065	31920585	1679	520	+	1	35	520	0.0673077
chr22	31926365	31926865	1680	500	+	4	126	500	0.2520000
chr22	31927025	31927565	1681	540	+	4	122	540	0.2259259
chr22	31928825	31929325	1682	500	+	4	124	500	0.2480000
chr22	31932985	31933505	1683	520	+	13	304	520	0.5846154
chr22	31952525	31953025	1684	500	+	2	47	500	0.0940000
chr22	31957205	31957725	1685	520	+	7	219	520	0.4211538
chr22	31981045	31981565	1686	520	+	29	387	520	0.7442307
chr22	31982285	31983125	1687	840	+	38	605	840	0.7202381
chr22	31986905	31987405	1688	500	+	0	0	500	0.0000000
chr22	31999065	31999565	1689	500	+	47	478	500	0.9560000
chr22	32014685	32015185	1690	500	+	3	78	500	0.1560000
chr22	32021565	32022085	1691	520	+	13	275	520	0.5288461
chr22	32022465	32022965	1692	500	+	61	497	500	0.9940000
chr22	32026625	32027125	1693	500	+	44	470	500	0.9400000
chr22	32029705	32030205	1694	500	+	7	202	500	0.4040000
chr22	32033445	32033945	1695	500	+	8	172	500	0.3440000
chr22	32042405	32042905	1696	500	+	11	262	500	0.5240000
chr22	32049245	32049745	1697	500	+	5	176	500	0.3520000
chr22	32056805	32057345	1698	540	+	7	178	540	0.3296296
chr22	32058005	32058800	1699	795	+	106	758	795	0.9534591
chr22	32061485	32062005	1700	520	+	3	89	520	0.1711538
chr22	32066785	32067305	1701	520	+	0	0	520	0.0000000
chr22	32073725	32074285	1702	560	+	7	155	560	0.2767857
chr22	32124705	32125265	1703	560	+	2	72	560	0.1285714
chr22	32140325	32140825	1704	500	+	1	36	500	0.0720000
chr22	32142045	32142545	1705	500	+	2	72	500	0.1440000
chr22	32145505	32146485	1706	980	+	170	881	980	0.8989796
chr22	32146785	32147305	1707	520	+	35	465	520	0.8942308
chr22	32148845	32149345	1708	500	+	58	450	500	0.9000000
chr22	32149625	32150258	1709	633	+	103	496	633	0.7835703
chr22	32160705	32161245	1710	540	+	22	349	540	0.6462963
chr22	32170865	32171405	1711	540	+	5	162	540	0.3000000
chr22	32185705	32186205	1712	500	+	8	246	500	0.4920000
chr22	32225345	32225885	1713	540	+	4	112	540	0.2074074
chr22	32225925	32226425	1714	500	+	2	72	500	0.1440000
chr22	32253205	32253725	1715	520	+	6	156	520	0.3000000
chr22	32263305	32263805	1716	500	+	4	116	500	0.2320000
chr22	32268225	32268725	1717	500	+	3	108	500	0.2160000
chr22	32272165	32272665	1718	500	+	5	133	500	0.2660000
chr22	32274245	32274745	1719	500	+	3	77	500	0.1540000
chr22	32277165	32277665	1720	500	+	17	319	500	0.6380000
chr22	32285045	32285565	1721	520	+	4	144	520	0.2769231
chr22	32287345	32288185	1722	840	+	133	820	840	0.9761904
chr22	32289805	32290305	1723	500	+	23	423	500	0.8460000
chr22	32291385	32292285	1724	900	+	129	834	900	0.9266667
chr22	32292425	32292945	1725	520	+	27	369	520	0.7096154
chr22	32297325	32298145	1726	820	+	35	621	820	0.7573171
chr22	32307565	32308185	1727	620	+	4	137	620	0.2209677
chr22	32311365	32311865	1728	500	+	1	36	500	0.0720000
chr22	32319125	32319625	1729	500	+	11	281	500	0.5620000
chr22	32322945	32323445	1730	500	+	2	66	500	0.1320000
chr22	32325145	32325665	1731	520	+	8	266	520	0.5115384
chr22	32332245	32332745	1732	500	+	15	386	500	0.7720000
chr22	32333285	32333805	1733	520	+	21	379	520	0.7288461
chr22	32333885	32334385	1734	500	+	14	275	500	0.5500000
chr22	32338465	32338965	1735	500	+	19	330	500	0.6600000
chr22	32339745	32340728	1736	983	+	149	842	983	0.8565615
chr22	32341098	32341598	1737	500	+	90	500	500	1.0000000
chr22	32342165	32342665	1738	500	+	49	491	500	0.9820000
chr22	32343145	32343685	1739	540	+	11	235	540	0.4351852
chr22	32346465	32346965	1740	500	+	16	328	500	0.6560000
chr22	32354525	32355165	1741	640	+	1	36	640	0.0562500
chr22	32355225	32355725	1742	500	+	0	0	500	0.0000000
chr22	32355965	32356465	1743	500	+	0	0	500	0.0000000
chr22	32358625	32359125	1744	500	+	2	61	500	0.1220000
chr22	32363305	32363805	1745	500	+	4	121	500	0.2420000
chr22	32365985	32366505	1746	520	+	4	99	520	0.1903846
chr22	32366525	32367045	1747	520	+	5	130	520	0.2500000
chr22	32373065	32373585	1748	520	+	3	37	520	0.0711538
chr22	32416105	32416625	1749	520	+	2	47	520	0.0903846
chr22	32419225	32419785	1750	560	+	2	72	560	0.1285714
chr22	32446585	32447105	1751	520	+	9	202	520	0.3884615
chr22	32454906	32455406	1752	500	+	1	36	500	0.0720000
chr22	32517713	32518213	1753	500	+	3	107	500	0.2140000
chr22	32531885	32532385	1754	500	+	1	36	500	0.0720000
chr22	32554993	32555493	1755	500	+	0	0	500	0.0000000
chr22	32599214	32599714	1756	500	+	0	0	500	0.0000000
chr22	32651068	32651568	1757	500	+	2	68	500	0.1360000
chr22	32662085	32662585	1758	500	+	1	36	500	0.0720000
chr22	32753603	32754103	1759	500	+	0	0	500	0.0000000
chr22	32766813	32767313	1760	500	+	3	90	500	0.1800000
chr22	32772400	32772900	1761	500	+	2	72	500	0.1440000
chr22	32774625	32775125	1762	500	+	0	0	500	0.0000000
chr22	32807145	32807645	1763	500	+	18	300	500	0.6000000
chr22	32808005	32808565	1764	560	+	45	494	560	0.8821428
chr22	32810005	32810565	1765	560	+	5	155	560	0.2767857
chr22	32816165	32816725	1766	560	+	0	0	560	0.0000000
chr22	32853123	32853623	1767	500	+	1	36	500	0.0720000
chr22	32865745	32866245	1768	500	+	11	305	500	0.6100000
chr22	32869205	32869765	1769	560	+	6	151	560	0.2696429
chr22	32870385	32870905	1770	520	+	36	463	520	0.8903846
chr22	32870973	32871565	1771	592	+	61	527	592	0.8902027
chr22	32878645	32879185	1772	540	+	12	257	540	0.4759259
chr22	32881865	32882365	1773	500	+	3	90	500	0.1800000
chr22	32884145	32884745	1774	600	+	7	242	600	0.4033333
chr22	32910985	32911565	1775	580	+	2	72	580	0.1241379
chr22	32924865	32925385	1776	520	+	0	0	520	0.0000000
chr22	32928205	32929045	1777	840	+	24	542	840	0.6452381
chr22	32935525	32936185	1778	660	+	6	186	660	0.2818182
chr22	32968625	32969125	1779	500	+	32	412	500	0.8240000
chr22	32972425	32972925	1780	500	+	42	422	500	0.8440000
chr22	33045405	33045905	1781	500	+	6	126	500	0.2520000
chr22	33046825	33047325	1782	500	+	2	72	500	0.1440000
chr22	33171945	33172445	1783	500	+	1	36	500	0.0720000
chr22	33196551	33197051	1784	500	+	1	35	500	0.0700000
chr22	33218985	33219485	1785	500	+	0	0	500	0.0000000
chr22	33269505	33270045	1786	540	+	16	301	540	0.5574074
chr22	33276945	33277665	1787	720	+	57	641	720	0.8902778
chr22	33277905	33278405	1788	500	+	16	321	500	0.6420000
chr22	33282785	33283725	1789	940	+	19	480	940	0.5106383
chr22	33290885	33291385	1790	500	+	1	36	500	0.0720000
chr22	33293365	33293885	1791	520	+	3	93	520	0.1788462
chr22	33299925	33300485	1792	560	+	4	99	560	0.1767857
chr22	33322525	33323045	1793	520	+	1	36	520	0.0692308
chr22	33381945	33382465	1794	520	+	5	155	520	0.2980769
chr22	33402556	33403056	1795	500	+	1	36	500	0.0720000
chr22	33414105	33414605	1796	500	+	2	72	500	0.1440000
chr22	33445025	33445525	1797	500	+	1	36	500	0.0720000
chr22	33504264	33504764	1798	500	+	1	36	500	0.0720000
chr22	33834125	33834625	1799	500	+	3	106	500	0.2120000
chr22	34120721	34121221	1800	500	+	0	0	500	0.0000000
chr22	34316166	34316666	1801	500	+	0	0	500	0.0000000
chr22	34451745	34452245	1802	500	+	0	0	500	0.0000000
chr22	34616505	34617005	1803	500	+	1	36	500	0.0720000
chr22	34806025	34806625	1804	600	+	1	35	600	0.0583333
chr22	34810745	34811305	1805	560	+	1	26	560	0.0464286
chr22	35245125	35245625	1806	500	+	1	36	500	0.0720000
chr22	35393655	35394155	1807	500	+	1	36	500	0.0720000
chr22	35419985	35420485	1808	500	+	4	122	500	0.2440000
chr22	35452345	35452865	1809	520	+	7	208	520	0.4000000
chr22	35460585	35461085	1810	500	+	27	345	500	0.6900000
chr22	35461845	35462378	1811	533	+	10	282	533	0.5290807
chr22	35495885	35496385	1812	500	+	9	276	500	0.5520000
chr22	35498565	35499085	1813	520	+	6	183	520	0.3519231
chr22	35527525	35528045	1814	520	+	12	285	520	0.5480769
chr22	35530545	35531045	1815	500	+	8	243	500	0.4860000
chr22	35546465	35547005	1816	540	+	5	145	540	0.2685185
chr22	35550785	35551285	1817	500	+	2	72	500	0.1440000
chr22	35552245	35552745	1818	500	+	8	174	500	0.3480000
chr22	35599465	35599965	1819	500	+	2	48	500	0.0960000
chr22	35605125	35605645	1820	520	+	3	78	520	0.1500000
chr22	35607925	35608425	1821	500	+	19	339	500	0.6780000
chr22	35611965	35612485	1822	520	+	11	243	520	0.4673077
chr22	35614925	35615465	1823	540	+	6	161	540	0.2981482
chr22	35625825	35626325	1824	500	+	16	279	500	0.5580000
chr22	35626799	35627345	1825	546	+	22	265	546	0.4853480
chr22	35627405	35627925	1826	520	+	11	245	520	0.4711539
chr22	35653145	35653694	1827	549	+	34	464	549	0.8451731
chr22	35654445	35655365	1828	920	+	20	429	920	0.4663044
chr22	35694625	35695125	1829	500	+	10	253	500	0.5060000
chr22	35695245	35696425	1830	1180	+	155	1155	1180	0.9788136
chr22	35697465	35697985	1831	520	+	24	354	520	0.6807692
chr22	35706505	35707005	1832	500	+	1	36	500	0.0720000
chr22	35709225	35709725	1833	500	+	5	160	500	0.3200000
chr22	35746705	35747245	1834	540	+	10	206	540	0.3814815
chr22	35751665	35752405	1835	740	+	7	231	740	0.3121622
chr22	35760145	35760645	1836	500	+	2	72	500	0.1440000
chr22	35767805	35768325	1837	520	+	63	344	520	0.6615385
chr22	35768525	35769065	1838	540	+	6	146	540	0.2703704
chr22	35772865	35773365	1839	500	+	79	484	500	0.9680000
chr22	35773485	35773985	1840	500	+	26	345	500	0.6900000
chr22	35776809	35777309	1841	500	+	1	35	500	0.0700000
chr22	35784765	35785265	1842	500	+	5	158	500	0.3160000
chr22	35789845	35790365	1843	520	+	14	302	520	0.5807692
chr22	35790765	35791305	1844	540	+	6	176	540	0.3259259
chr22	35795765	35796365	1845	600	+	79	566	600	0.9433333
chr22	35832965	35833505	1846	540	+	4	108	540	0.2000000
chr22	35843765	35844305	1847	540	+	21	408	540	0.7555556
chr22	35873865	35874385	1848	520	+	2	72	520	0.1384615
chr22	35876405	35876905	1849	500	+	5	138	500	0.2760000
chr22	35887765	35888265	1850	500	+	12	245	500	0.4900000
chr22	35917685	35918205	1851	520	+	0	0	520	0.0000000
chr22	35924885	35925385	1852	500	+	0	0	500	0.0000000
chr22	35937101	35937601	1853	500	+	0	0	500	0.0000000
chr22	35944265	35944825	1854	560	+	2	50	560	0.0892857
chr22	35948105	35948945	1855	840	+	2	51	840	0.0607143
chr22	35957785	35958305	1856	520	+	2	72	520	0.1384615
chr22	35978965	35979525	1857	560	+	2	52	560	0.0928571
chr22	35985145	35985645	1858	500	+	2	72	500	0.1440000
chr22	36000805	36001345	1859	540	+	4	144	540	0.2666667
chr22	36011285	36011785	1860	500	+	11	217	500	0.4340000
chr22	36013134	36013634	1861	500	+	1	36	500	0.0720000
chr22	36023645	36024145	1862	500	+	1	36	500	0.0720000
chr22	36025925	36026445	1863	520	+	5	97	520	0.1865385
chr22	36027565	36028125	1864	560	+	4	121	560	0.2160714
chr22	36030045	36030565	1865	520	+	0	0	520	0.0000000
chr22	36030945	36031485	1866	540	+	4	125	540	0.2314815
chr22	36044173	36044673	1867	500	+	20	395	500	0.7900000
chr22	36044765	36045265	1868	500	+	30	420	500	0.8400000
chr22	36052285	36052825	1869	540	+	2	73	540	0.1351852
chr22	36053865	36054365	1870	500	+	8	211	500	0.4220000
chr22	36113668	36114168	1871	500	+	0	0	500	0.0000000
chr22	36117845	36118445	1872	600	+	9	243	600	0.4050000
chr22	36123485	36123985	1873	500	+	9	201	500	0.4020000
chr22	36138285	36138785	1874	500	+	49	429	500	0.8580000
chr22	36181945	36182445	1875	500	+	4	127	500	0.2540000
chr22	36207025	36207585	1876	560	+	1	36	560	0.0642857
chr22	36217665	36218165	1877	500	+	3	108	500	0.2160000
chr22	36229965	36230545	1878	580	+	2	72	580	0.1241379
chr22	36232225	36232745	1879	520	+	4	114	520	0.2192308
chr22	36236325	36236880	1880	555	+	3	73	555	0.1315315
chr22	36276105	36276605	1881	500	+	1	36	500	0.0720000
chr22	36288145	36288685	1882	540	+	0	0	540	0.0000000
chr22	36299065	36299665	1883	600	+	2	30	600	0.0500000
chr22	36299965	36300505	1884	540	+	3	82	540	0.1518518
chr22	36301945	36302445	1885	500	+	1	36	500	0.0720000
chr22	36302905	36303405	1886	500	+	4	114	500	0.2280000
chr22	36306905	36307405	1887	500	+	1	36	500	0.0720000
chr22	36310485	36311005	1888	520	+	14	231	520	0.4442308
chr22	36317685	36318245	1889	560	+	3	84	560	0.1500000
chr22	36326925	36327445	1890	520	+	3	108	520	0.2076923
chr22	36328805	36329385	1891	580	+	3	86	580	0.1482759
chr22	36332165	36332685	1892	520	+	6	159	520	0.3057692
chr22	36353245	36353745	1893	500	+	2	72	500	0.1440000
chr22	36354985	36355585	1894	600	+	1	36	600	0.0600000
chr22	36369425	36369945	1895	520	+	5	159	520	0.3057692
chr22	36390665	36391165	1896	500	+	3	108	500	0.2160000
chr22	36391345	36391905	1897	560	+	8	171	560	0.3053571
chr22	36398065	36398605	1898	540	+	9	164	540	0.3037037
chr22	36398885	36399385	1899	500	+	14	184	500	0.3680000
chr22	36405985	36406565	1900	580	+	5	160	580	0.2758621
chr22	36413545	36414045	1901	500	+	1	5	500	0.0100000
chr22	36415045	36415585	1902	540	+	6	155	540	0.2870370
chr22	36418185	36418685	1903	500	+	3	93	500	0.1860000
chr22	36424665	36425485	1904	820	+	28	505	820	0.6158537
chr22	36431485	36431985	1905	500	+	2	72	500	0.1440000
chr22	36432065	36432565	1906	500	+	10	269	500	0.5380000
chr22	36445085	36445925	1907	840	+	22	464	840	0.5523810
chr22	36448565	36449065	1908	500	+	101	490	500	0.9800000
chr22	36449905	36450405	1909	500	+	6	125	500	0.2500000
chr22	36461785	36462725	1910	940	+	114	932	940	0.9914894
chr22	36476945	36477505	1911	560	+	10	251	560	0.4482143
chr22	36482125	36482645	1912	520	+	8	214	520	0.4115385
chr22	36485025	36485585	1913	560	+	3	75	560	0.1339286
chr22	36500405	36500965	1914	560	+	4	111	560	0.1982143
chr22	36501025	36501585	1915	560	+	1	36	560	0.0642857
chr22	36516625	36517145	1916	520	+	2	72	520	0.1384615
chr22	36519905	36520445	1917	540	+	22	295	540	0.5462963
chr22	36541045	36541565	1918	520	+	1	35	520	0.0673077
chr22	36552765	36553265	1919	500	+	13	326	500	0.6520000
chr22	36556727	36557227	1920	500	+	3	90	500	0.1800000
chr22	36568865	36569365	1921	500	+	0	0	500	0.0000000
chr22	36573105	36573605	1922	500	+	1	34	500	0.0680000
chr22	36576245	36576745	1923	500	+	5	109	500	0.2180000
chr22	36578005	36578585	1924	580	+	7	186	580	0.3206896
chr22	36580245	36580745	1925	500	+	1	36	500	0.0720000
chr22	36590905	36591405	1926	500	+	1	9	500	0.0180000
chr22	36593025	36593525	1927	500	+	6	156	500	0.3120000
chr22	36593585	36594165	1928	580	+	17	337	580	0.5810345
chr22	36597645	36598205	1929	560	+	27	329	560	0.5875000
chr22	36598825	36599325	1930	500	+	2	41	500	0.0820000
chr22	36600629	36601129	1931	500	+	1	36	500	0.0720000
chr22	36607165	36607665	1932	500	+	2	48	500	0.0960000
chr22	36613445	36613945	1933	500	+	1	36	500	0.0720000
chr22	36617745	36618245	1934	500	+	1	36	500	0.0720000
chr22	36635425	36636250	1935	825	+	49	640	825	0.7757576
chr22	36643965	36644465	1936	500	+	3	108	500	0.2160000
chr22	36648865	36649366	1937	501	+	37	476	501	0.9500998
chr22	36650045	36650585	1938	540	+	8	96	540	0.1777778
chr22	36650865	36651385	1939	520	+	25	361	520	0.6942308
chr22	36654785	36655765	1940	980	+	47	600	980	0.6122449
chr22	36659345	36660245	1941	900	+	6	194	900	0.2155555
chr22	36682465	36682965	1942	500	+	5	145	500	0.2900000
chr22	36697285	36697785	1943	500	+	2	72	500	0.1440000
chr22	36724665	36725665	1944	1000	+	125	980	1000	0.9800000
chr22	36726585	36727285	1945	700	+	75	605	700	0.8642857
chr22	36727445	36727945	1946	500	+	85	474	500	0.9480000
chr22	36728665	36729245	1947	580	+	37	495	580	0.8534483
chr22	36730305	36730825	1948	520	+	41	489	520	0.9403846
chr22	36736605	36737105	1949	500	+	5	180	500	0.3600000
chr22	36750965	36751545	1950	580	+	25	445	580	0.7672414
chr22	36760985	36761525	1951	540	+	8	230	540	0.4259259
chr22	36764465	36764985	1952	520	+	11	189	520	0.3634615
chr22	36765005	36765505	1953	500	+	15	281	500	0.5620000
chr22	36765985	36766505	1954	520	+	15	279	520	0.5365385
chr22	36767125	36767625	1955	500	+	13	289	500	0.5780000
chr22	36773065	36773565	1956	500	+	2	72	500	0.1440000
chr22	36779165	36779685	1957	520	+	5	150	520	0.2884615
chr22	36782285	36782865	1958	580	+	23	380	580	0.6551724
chr22	36783862	36784485	1959	623	+	25	335	623	0.5377207
chr22	36786985	36787485	1960	500	+	2	42	500	0.0840000
chr22	36787625	36788145	1961	520	+	18	369	520	0.7096154
chr22	36791905	36792405	1962	500	+	6	126	500	0.2520000
chr22	36794505	36795005	1963	500	+	1	36	500	0.0720000
chr22	36795305	36795805	1964	500	+	4	116	500	0.2320000
chr22	36801405	36801905	1965	500	+	3	108	500	0.2160000
chr22	36805985	36806525	1966	540	+	1	36	540	0.0666667
chr22	36808945	36809485	1967	540	+	4	117	540	0.2166667
chr22	36815205	36815745	1968	540	+	8	220	540	0.4074074
chr22	36818605	36819125	1969	520	+	6	204	520	0.3923077
chr22	36819405	36819925	1970	520	+	17	356	520	0.6846154
chr22	36820465	36820985	1971	520	+	4	116	520	0.2230769
chr22	36822185	36822685	1972	500	+	10	193	500	0.3860000
chr22	36822925	36823425	1973	500	+	3	83	500	0.1660000
chr22	36826845	36827365	1974	520	+	7	227	520	0.4365385
chr22	36835745	36836285	1975	540	+	7	190	540	0.3518519
chr22	36841245	36841765	1976	520	+	8	215	520	0.4134615
chr22	36847745	36848285	1977	540	+	39	352	540	0.6518518
chr22	36850965	36851465	1978	500	+	23	369	500	0.7380000
chr22	36855525	36856025	1979	500	+	6	170	500	0.3400000
chr22	36863285	36863785	1980	500	+	13	266	500	0.5320000
chr22	36863985	36864505	1981	520	+	30	455	520	0.8750000
chr22	36866185	36867185	1982	1000	+	19	487	1000	0.4870000
chr22	36875005	36875525	1983	520	+	35	369	520	0.7096154
chr22	36876085	36876585	1984	500	+	100	364	500	0.7280000
chr22	36877185	36878345	1985	1160	+	241	880	1160	0.7586207
chr22	36878645	36879145	1986	500	+	7	126	500	0.2520000
chr22	36882545	36883125	1987	580	+	3	108	580	0.1862069
chr22	36902625	36903745	1988	1120	+	82	804	1120	0.7178571
chr22	36904625	36905125	1989	500	+	3	86	500	0.1720000
chr22	36906985	36907505	1990	520	+	6	164	520	0.3153846
chr22	36923785	36924285	1991	500	+	6	142	500	0.2840000
chr22	36925027	36925605	1992	578	+	69	500	578	0.8650519
chr22	36938045	36938565	1993	520	+	16	299	520	0.5750000
chr22	36940185	36940845	1994	660	+	7	199	660	0.3015152
chr22	36942165	36942685	1995	520	+	7	230	520	0.4423077
chr22	36956005	36956505	1996	500	+	1	36	500	0.0720000
chr22	37040205	37040765	1997	560	+	2	72	560	0.1285714
chr22	37055725	37056245	1998	520	+	12	204	520	0.3923077
chr22	37098440	37098940	1999	500	+	0	0	500	0.0000000
chr22	37099670	37100170	2000	500	+	1	36	500	0.0720000
chr22	37137405	37137905	2001	500	+	0	0	500	0.0000000
chr22	37171927	37172665	2002	738	+	3	108	738	0.1463415
chr22	37178045	37178545	2003	500	+	2	53	500	0.1060000
chr22	37215267	37215767	2004	500	+	2	64	500	0.1280000
chr22	37242225	37242785	2005	560	+	3	108	560	0.1928571
chr22	37252285	37252805	2006	520	+	1	28	520	0.0538462
chr22	37256779	37257279	2007	500	+	1	6	500	0.0120000
chr22	37269605	37270105	2008	500	+	1	36	500	0.0720000
chr22	37309424	37309924	2009	500	+	3	78	500	0.1560000
chr22	37336545	37337065	2010	520	+	0	0	520	0.0000000
chr22	37361038	37361538	2011	500	+	2	72	500	0.1440000
chr22	37373305	37373885	2012	580	+	4	110	580	0.1896552
chr22	37373965	37374485	2013	520	+	5	132	520	0.2538462
chr22	37376625	37377145	2014	520	+	5	111	520	0.2134615
chr22	37378145	37378685	2015	540	+	38	434	540	0.8037037
chr22	37394525	37395025	2016	500	+	3	78	500	0.1560000
chr22	37403627	37404127	2017	500	+	0	0	500	0.0000000
chr22	37410825	37411325	2018	500	+	11	210	500	0.4200000
chr22	37412105	37412605	2019	500	+	6	118	500	0.2360000
chr22	37415432	37416825	2020	1393	+	85	971	1393	0.6970567
chr22	37417865	37418365	2021	500	+	6	206	500	0.4120000
chr22	37427205	37427705	2022	500	+	3	81	500	0.1620000
chr22	37427845	37428385	2023	540	+	1	36	540	0.0666667
chr22	37436765	37437285	2024	520	+	0	0	520	0.0000000
chr22	37439965	37440485	2025	520	+	3	108	520	0.2076923
chr22	37447425	37448025	2026	600	+	0	0	600	0.0000000
chr22	37473785	37474285	2027	500	+	3	107	500	0.2140000
chr22	37484045	37484565	2028	520	+	0	0	520	0.0000000
chr22	37505199	37505699	2029	500	+	1	36	500	0.0720000
chr22	37537905	37538405	2030	500	+	3	99	500	0.1980000
chr22	37545805	37546425	2031	620	+	2	72	620	0.1161290
chr22	37557385	37558005	2032	620	+	3	108	620	0.1741935
chr22	37562465	37563025	2033	560	+	5	123	560	0.2196429
chr22	37570846	37571346	2034	500	+	3	108	500	0.2160000
chr22	37572445	37572945	2035	500	+	3	64	500	0.1280000
chr22	37582185	37582705	2036	520	+	2	72	520	0.1384615
chr22	37584080	37584580	2037	500	+	2	72	500	0.1440000
chr22	37586225	37586745	2038	520	+	4	126	520	0.2423077
chr22	37589745	37590245	2039	500	+	8	227	500	0.4540000
chr22	37592805	37593305	2040	500	+	0	0	500	0.0000000
chr22	37593665	37594165	2041	500	+	8	229	500	0.4580000
chr22	37594405	37594945	2042	540	+	7	130	540	0.2407407
chr22	37595305	37595805	2043	500	+	27	268	500	0.5360000
chr22	37608085	37608666	2044	581	+	3	94	581	0.1617900
chr22	37612385	37612885	2045	500	+	0	0	500	0.0000000
chr22	37618705	37619205	2046	500	+	5	164	500	0.3280000
chr22	37625965	37626465	2047	500	+	50	471	500	0.9420000
chr22	37638425	37638965	2048	540	+	65	495	540	0.9166667
chr22	37640089	37640665	2049	576	+	37	355	576	0.6163194
chr22	37641745	37642245	2050	500	+	0	0	500	0.0000000
chr22	37649125	37649625	2051	500	+	2	57	500	0.1140000
chr22	37650825	37651365	2052	540	+	1	36	540	0.0666667
chr22	37654985	37656025	2053	1040	+	9	230	1040	0.2211538
chr22	37656805	37657305	2054	500	+	2	62	500	0.1240000
chr22	37669425	37669965	2055	540	+	23	402	540	0.7444444
chr22	37670485	37670985	2056	500	+	6	165	500	0.3300000
chr22	37677565	37678065	2057	500	+	3	95	500	0.1900000
chr22	37678173	37678745	2058	572	+	4	99	572	0.1730769
chr22	37680945	37681445	2059	500	+	0	0	500	0.0000000
chr22	37693785	37694325	2060	540	+	2	72	540	0.1333333
chr22	37697845	37698365	2061	520	+	3	92	520	0.1769231
chr22	37699805	37700425	2062	620	+	20	448	620	0.7225807
chr22	37700565	37701085	2063	520	+	34	425	520	0.8173077
chr22	37702745	37703505	2064	760	+	34	585	760	0.7697368
chr22	37703565	37704065	2065	500	+	28	434	500	0.8680000
chr22	37705605	37706545	2066	940	+	8	261	940	0.2776596
chr22	37710745	37711245	2067	500	+	5	179	500	0.3580000
chr22	37712825	37713325	2068	500	+	1	36	500	0.0720000
chr22	37726405	37726925	2069	520	+	2	72	520	0.1384615
chr22	37750629	37751129	2070	500	+	3	106	500	0.2120000
chr22	37823255	37823755	2071	500	+	0	0	500	0.0000000
chr22	37851345	37851885	2072	540	+	6	191	540	0.3537037
chr22	37853245	37853805	2073	560	+	1	36	560	0.0642857
chr22	37882228	37883065	2074	837	+	5	180	837	0.2150538
chr22	37888765	37889285	2075	520	+	0	0	520	0.0000000
chr22	37897585	37898085	2076	500	+	4	129	500	0.2580000
chr22	37908425	37908945	2077	520	+	12	304	520	0.5846154
chr22	37914960	37915825	2078	865	+	5	179	865	0.2069364
chr22	37916785	37917285	2079	500	+	3	100	500	0.2000000
chr22	37929865	37930365	2080	500	+	3	108	500	0.2160000
chr22	37934705	37935245	2081	540	+	6	157	540	0.2907407
chr22	37941045	37941585	2082	540	+	4	82	540	0.1518518
chr22	37948645	37949145	2083	500	+	17	292	500	0.5840000
chr22	37955925	37956720	2084	795	+	36	584	795	0.7345912
chr22	37957645	37958145	2085	500	+	114	495	500	0.9900000
chr22	37959265	37959805	2086	540	+	35	480	540	0.8888889
chr22	37963045	37963705	2087	660	+	3	77	660	0.1166667
chr22	37965345	37966125	2088	780	+	4	122	780	0.1564103
chr22	37966565	37967225	2089	660	+	4	117	660	0.1772727
chr22	37975774	37976465	2090	691	+	0	0	691	0.0000000
chr22	37988385	37988885	2091	500	+	0	0	500	0.0000000
chr22	37995065	37995605	2092	540	+	3	64	540	0.1185185
chr22	37997505	37998085	2093	580	+	17	360	580	0.6206896
chr22	38002985	38003505	2094	520	+	5	162	520	0.3115385
chr22	38004230	38004965	2095	735	+	101	614	735	0.8353742
chr22	38005805	38006345	2096	540	+	67	530	540	0.9814815
chr22	38006685	38007205	2097	520	+	22	378	520	0.7269230
chr22	38026965	38027525	2098	560	+	3	90	560	0.1607143
chr22	38029825	38031005	2099	1180	+	35	634	1180	0.5372881
chr22	38035365	38035933	2100	568	+	4	122	568	0.2147887
chr22	38039185	38039725	2101	540	+	9	213	540	0.3944444
chr22	38053445	38054025	2102	580	+	66	523	580	0.9017242
chr22	38054134	38054986	2103	852	+	103	694	852	0.8145540
chr22	38055865	38056405	2104	540	+	18	292	540	0.5407407
chr22	38057245	38057785	2105	540	+	29	452	540	0.8370370
chr22	38063965	38064465	2106	500	+	4	103	500	0.2060000
chr22	38070865	38071862	2107	997	+	36	744	997	0.7462387
chr22	38073065	38073585	2108	520	+	21	325	520	0.6250000
chr22	38077485	38078005	2109	520	+	11	302	520	0.5807692
chr22	38082085	38082845	2110	760	+	123	758	760	0.9973684
chr22	38092685	38093205	2111	520	+	4	115	520	0.2211538
chr22	38127845	38128425	2112	580	+	25	448	580	0.7724138
chr22	38131045	38131565	2113	520	+	2	59	520	0.1134615
chr22	38138345	38138885	2114	540	+	3	93	540	0.1722222
chr22	38141905	38142490	2115	585	+	11	121	585	0.2068376
chr22	38145665	38146165	2116	500	+	15	278	500	0.5560000
chr22	38158465	38159005	2117	540	+	20	359	540	0.6648148
chr22	38173325	38173865	2118	540	+	3	108	540	0.2000000
chr22	38178645	38179165	2119	520	+	6	163	520	0.3134615
chr22	38187725	38188245	2120	520	+	3	108	520	0.2076923
chr22	38194105	38194605	2121	500	+	3	102	500	0.2040000
chr22	38198205	38198705	2122	500	+	65	467	500	0.9340000
chr22	38199145	38199645	2123	500	+	103	500	500	1.0000000
chr22	38200863	38201363	2124	500	+	1	36	500	0.0720000
chr22	38202265	38203365	2125	1100	+	78	831	1100	0.7554545
chr22	38203565	38204161	2126	596	+	33	458	596	0.7684564
chr22	38205945	38206445	2127	500	+	7	187	500	0.3740000
chr22	38213545	38214045	2128	500	+	14	307	500	0.6140000
chr22	38219138	38219638	2129	500	+	0	0	500	0.0000000
chr22	38240103	38240745	2130	642	+	32	478	642	0.7445483
chr22	38243965	38244465	2131	500	+	29	416	500	0.8320000
chr22	38244545	38245628	2132	1083	+	158	854	1083	0.7885503
chr22	38248185	38248705	2133	520	+	10	273	520	0.5250000
chr22	38259445	38259965	2134	520	+	5	128	520	0.2461538
chr22	38289405	38290005	2135	600	+	10	242	600	0.4033333
chr22	38300985	38301505	2136	520	+	115	520	520	1.0000000
chr22	38301904	38302405	2137	501	+	16	281	501	0.5608782
chr22	38309185	38309685	2138	500	+	10	241	500	0.4820000
chr22	38329845	38330365	2139	520	+	20	325	520	0.6250000
chr22	38347205	38347825	2140	620	+	3	108	620	0.1741935
chr22	38349385	38349926	2141	541	+	43	406	541	0.7504621
chr22	38361105	38361625	2142	520	+	2	71	520	0.1365385
chr22	38380289	38380789	2143	500	+	1	36	500	0.0720000
chr22	38387705	38388205	2144	500	+	2	64	500	0.1280000
chr22	38408645	38409145	2145	500	+	15	352	500	0.7040000
chr22	38419025	38419545	2146	520	+	1	36	520	0.0692308
chr22	38428765	38429265	2147	500	+	6	146	500	0.2920000
chr22	38430185	38431005	2148	820	+	86	746	820	0.9097561
chr22	38448205	38448705	2149	500	+	1	36	500	0.0720000
chr22	38452985	38453511	2150	526	+	67	449	526	0.8536122
chr22	38478920	38479420	2151	500	+	0	0	500	0.0000000
chr22	38493585	38494185	2152	600	+	2	67	600	0.1116667
chr22	38496685	38497225	2153	540	+	5	147	540	0.2722222
chr22	38499185	38499685	2154	500	+	2	60	500	0.1200000
chr22	38506426	38506926	2155	500	+	1	35	500	0.0700000
chr22	38510405	38510965	2156	560	+	3	108	560	0.1928571
chr22	38523245	38523745	2157	500	+	44	493	500	0.9860000
chr22	38539345	38539865	2158	520	+	20	315	520	0.6057692
chr22	38541665	38542185	2159	520	+	15	329	520	0.6326923
chr22	38543725	38544225	2160	500	+	4	111	500	0.2220000
chr22	38546465	38546985	2161	520	+	0	0	520	0.0000000
chr22	38558345	38558885	2162	540	+	22	346	540	0.6407408
chr22	38559705	38560225	2163	520	+	31	413	520	0.7942308
chr22	38573945	38574445	2164	500	+	28	352	500	0.7040000
chr22	38574965	38575525	2165	560	+	48	491	560	0.8767857
chr22	38576045	38576545	2166	500	+	194	490	500	0.9800000
chr22	38576805	38577445	2167	640	+	487	640	640	1.0000000
chr22	38577511	38578165	2168	654	+	176	541	654	0.8272171
chr22	38580725	38581225	2169	500	+	5	162	500	0.3240000
chr22	38589505	38590025	2170	520	+	3	80	520	0.1538462
chr22	38592945	38593445	2171	500	+	6	181	500	0.3620000
chr22	38597645	38598188	2172	543	+	20	357	543	0.6574585
chr22	38598365	38598865	2173	500	+	26	428	500	0.8560000
chr22	38599085	38599585	2174	500	+	16	348	500	0.6960000
chr22	38610585	38611165	2175	580	+	4	131	580	0.2258621
chr22	38636705	38637285	2176	580	+	59	510	580	0.8793104
chr22	38654905	38655425	2177	520	+	4	103	520	0.1980769
chr22	38662045	38662565	2178	520	+	36	474	520	0.9115385
chr22	38663065	38663585	2179	520	+	8	191	520	0.3673077
chr22	38668765	38669825	2180	1060	+	76	838	1060	0.7905660
chr22	38671925	38672425	2181	500	+	7	223	500	0.4460000
chr22	38673185	38673705	2182	520	+	4	54	520	0.1038462
chr22	38674705	38675225	2183	520	+	6	157	520	0.3019231
chr22	38679025	38679525	2184	500	+	2	72	500	0.1440000
chr22	38680965	38681545	2185	580	+	11	309	580	0.5327586
chr22	38701505	38702585	2186	1080	+	6	182	1080	0.1685185
chr22	38712305	38712805	2187	500	+	21	372	500	0.7440000
chr22	38713305	38713805	2188	500	+	20	204	500	0.4080000
chr22	38713839	38714705	2189	866	+	127	844	866	0.9745958
chr22	38715185	38715705	2190	520	+	24	412	520	0.7923077
chr22	38749045	38749545	2191	500	+	3	82	500	0.1640000
chr22	38765165	38765665	2192	500	+	1	8	500	0.0160000
chr22	38765725	38766265	2193	540	+	0	0	540	0.0000000
chr22	38766405	38767025	2194	620	+	2	72	620	0.1161290
chr22	38788805	38789305	2195	500	+	1	36	500	0.0720000
chr22	38790865	38791405	2196	540	+	9	137	540	0.2537037
chr22	38791965	38792465	2197	500	+	5	62	500	0.1240000
chr22	38793065	38793585	2198	520	+	7	146	520	0.2807692
chr22	38794277	38795405	2199	1128	+	18	388	1128	0.3439716
chr22	38796205	38796705	2200	500	+	0	0	500	0.0000000
chr22	38799945	38800445	2201	500	+	1	6	500	0.0120000
chr22	38808245	38808765	2202	520	+	4	144	520	0.2769231
chr22	38839783	38840525	2203	742	+	6	210	742	0.2830189
chr22	38857485	38857985	2204	500	+	3	107	500	0.2140000
chr22	38859305	38859825	2205	520	+	3	92	520	0.1769231
chr22	38862785	38863405	2206	620	+	8	177	620	0.2854839
chr22	38863785	38864316	2207	531	+	53	491	531	0.9246705
chr22	38878065	38878565	2208	500	+	4	120	500	0.2400000
chr22	38886765	38887325	2209	560	+	8	222	560	0.3964286
chr22	38897745	38898285	2210	540	+	7	208	540	0.3851852
chr22	38900625	38901125	2211	500	+	73	460	500	0.9200000
chr22	38901645	38902825	2212	1180	+	340	1180	1180	1.0000000
chr22	38906325	38907145	2213	820	+	13	335	820	0.4085366
chr22	38908505	38909005	2214	500	+	8	143	500	0.2860000
chr22	38909025	38909545	2215	520	+	7	235	520	0.4519231
chr22	38910525	38911045	2216	520	+	39	345	520	0.6634616
chr22	38912865	38913445	2217	580	+	2	72	580	0.1241379
chr22	38920345	38920865	2218	520	+	6	192	520	0.3692308
chr22	38965951	38967345	2219	1394	+	108	878	1394	0.6298422
chr22	38968105	38968625	2220	520	+	1	33	520	0.0634615
chr22	38979485	38979985	2221	500	+	3	108	500	0.2160000
chr22	39002585	39003105	2222	520	+	2	52	520	0.1000000
chr22	39019305	39019805	2223	500	+	1	36	500	0.0720000
chr22	39028425	39028965	2224	540	+	2	49	540	0.0907407
chr22	39034665	39035165	2225	500	+	1	36	500	0.0720000
chr22	39051705	39053745	2226	2040	+	234	1660	2040	0.8137255
chr22	39071725	39072225	2227	500	+	2	71	500	0.1420000
chr22	39076985	39077505	2228	520	+	18	234	520	0.4500000
chr22	39077645	39078203	2229	558	+	34	397	558	0.7114695
chr22	39089985	39090505	2230	520	+	21	341	520	0.6557692
chr22	39092565	39093065	2231	500	+	13	332	500	0.6640000
chr22	39093325	39093825	2232	500	+	34	381	500	0.7620000
chr22	39095325	39096709	2233	1384	+	109	1142	1384	0.8251445
chr22	39096805	39097765	2234	960	+	105	824	960	0.8583333
chr22	39099105	39100405	2235	1300	+	18	301	1300	0.2315385
chr22	39101325	39102056	2236	731	+	42	560	731	0.7660739
chr22	39103305	39103845	2237	540	+	21	386	540	0.7148148
chr22	39106325	39106845	2238	520	+	4	140	520	0.2692308
chr22	39108405	39108925	2239	520	+	5	175	520	0.3365385
chr22	39109825	39110865	2240	1040	+	25	393	1040	0.3778846
chr22	39112745	39113245	2241	500	+	10	272	500	0.5440000
chr22	39150225	39150765	2242	540	+	22	436	540	0.8074074
chr22	39151305	39152365	2243	1060	+	50	746	1060	0.7037736
chr22	39164725	39165245	2244	520	+	1	36	520	0.0692308
chr22	39178345	39178865	2245	520	+	12	265	520	0.5096154
chr22	39181605	39182125	2246	520	+	87	520	520	1.0000000
chr22	39184305	39184825	2247	520	+	11	261	520	0.5019231
chr22	39188785	39189525	2248	740	+	31	532	740	0.7189189
chr22	39189911	39190505	2249	594	+	15	354	594	0.5959596
chr22	39198665	39199165	2250	500	+	4	116	500	0.2320000
chr22	39220445	39220965	2251	520	+	1	36	520	0.0692308
chr22	39227105	39227645	2252	540	+	0	0	540	0.0000000
chr22	39233445	39233985	2253	540	+	3	76	540	0.1407407
chr22	39239185	39239705	2254	520	+	2	72	520	0.1384615
chr22	39239767	39240745	2255	978	+	6	167	978	0.1707567
chr22	39242885	39243405	2256	520	+	20	400	520	0.7692308
chr22	39243465	39243965	2257	500	+	19	367	500	0.7340000
chr22	39247405	39247905	2258	500	+	0	0	500	0.0000000
chr22	39249845	39250345	2259	500	+	2	67	500	0.1340000
chr22	39264805	39265305	2260	500	+	9	176	500	0.3520000
chr22	39266165	39266665	2261	500	+	3	29	500	0.0580000
chr22	39268085	39268665	2262	580	+	18	322	580	0.5551724
chr22	39268845	39269345	2263	500	+	18	214	500	0.4280000
chr22	39269965	39270465	2264	500	+	3	108	500	0.2160000
chr22	39317745	39318265	2265	520	+	2	55	520	0.1057692
chr22	39319745	39320265	2266	520	+	4	129	520	0.2480769
chr22	39320305	39320845	2267	540	+	6	146	540	0.2703704
chr22	39339105	39339645	2268	540	+	3	108	540	0.2000000
chr22	39353276	39353776	2269	500	+	1	36	500	0.0720000
chr22	39361785	39362305	2270	520	+	1	36	520	0.0692308
chr22	39363705	39364205	2271	500	+	2	72	500	0.1440000
chr22	39369445	39369945	2272	500	+	1	36	500	0.0720000
chr22	39377205	39377745	2273	540	+	17	251	540	0.4648148
chr22	39378105	39378653	2274	548	+	49	450	548	0.8211679
chr22	39380185	39380685	2275	500	+	11	238	500	0.4760000
chr22	39393975	39394475	2276	500	+	0	0	500	0.0000000
chr22	39399025	39399565	2277	540	+	1	25	540	0.0462963
chr22	39408465	39409385	2278	920	+	40	428	920	0.4652174
chr22	39409945	39410514	2279	569	+	49	406	569	0.7135325
chr22	39415905	39416425	2280	520	+	4	109	520	0.2096154
chr22	39416865	39417367	2281	502	+	2	68	502	0.1354582
chr22	39434765	39435265	2282	500	+	0	0	500	0.0000000
chr22	39436422	39437205	2283	783	+	4	95	783	0.1213282
chr22	39472759	39473485	2284	726	+	4	77	726	0.1060606
chr22	39492978	39493485	2285	507	+	3	91	507	0.1794872
chr22	39504285	39504785	2286	500	+	0	0	500	0.0000000
chr22	39506825	39507345	2287	520	+	3	108	520	0.2076923
chr22	39510165	39510665	2288	500	+	0	0	500	0.0000000
chr22	39511085	39511585	2289	500	+	0	0	500	0.0000000
chr22	39513785	39514305	2290	520	+	3	95	520	0.1826923
chr22	39517885	39518385	2291	500	+	2	72	500	0.1440000
chr22	39526245	39526805	2292	560	+	7	170	560	0.3035714
chr22	39527185	39527685	2293	500	+	3	72	500	0.1440000
chr22	39540885	39541385	2294	500	+	8	159	500	0.3180000
chr22	39541565	39542145	2295	580	+	13	320	580	0.5517241
chr22	39548365	39549105	2296	740	+	18	337	740	0.4554054
chr22	39566725	39567225	2297	500	+	3	74	500	0.1480000
chr22	39575385	39575965	2298	580	+	5	154	580	0.2655172
chr22	39579885	39580405	2299	520	+	0	0	520	0.0000000
chr22	39584745	39585345	2300	600	+	2	72	600	0.1200000
chr22	39601265	39601765	2301	500	+	4	104	500	0.2080000
chr22	39608605	39609165	2302	560	+	11	274	560	0.4892857
chr22	39615345	39615865	2303	520	+	1	36	520	0.0692308
chr22	39617425	39617925	2304	500	+	7	229	500	0.4580000
chr22	39632365	39632865	2305	500	+	4	122	500	0.2440000
chr22	39633345	39633845	2306	500	+	0	0	500	0.0000000
chr22	39636765	39637265	2307	500	+	7	195	500	0.3900000
chr22	39640725	39641310	2308	585	+	7	160	585	0.2735043
chr22	39641605	39642105	2309	500	+	6	188	500	0.3760000
chr22	39642605	39643185	2310	580	+	5	130	580	0.2241379
chr22	39646185	39646685	2311	500	+	5	153	500	0.3060000
chr22	39649345	39649865	2312	520	+	10	249	520	0.4788462
chr22	39660945	39661485	2313	540	+	6	156	540	0.2888889
chr22	39662265	39663005	2314	740	+	11	257	740	0.3472973
chr22	39670145	39670645	2315	500	+	7	197	500	0.3940000
chr22	39673245	39673785	2316	540	+	10	249	540	0.4611111
chr22	39677145	39678105	2317	960	+	45	575	960	0.5989583
chr22	39678905	39679405	2318	500	+	134	500	500	1.0000000
chr22	39679465	39679985	2319	520	+	60	502	520	0.9653846
chr22	39680945	39681445	2320	500	+	11	233	500	0.4660000
chr22	39686625	39687345	2321	720	+	19	416	720	0.5777778
chr22	39688545	39689065	2322	520	+	56	516	520	0.9923077
chr22	39695725	39696665	2323	940	+	13	369	940	0.3925532
chr22	39702625	39703145	2324	520	+	9	225	520	0.4326923
chr22	39704685	39705245	2325	560	+	21	378	560	0.6750000
chr22	39706965	39708165	2326	1200	+	35	664	1200	0.5533333
chr22	39712265	39712805	2327	540	+	37	434	540	0.8037037
chr22	39715065	39716025	2328	960	+	237	848	960	0.8833333
chr22	39716065	39717025	2329	960	+	162	583	960	0.6072916
chr22	39730245	39730745	2330	500	+	2	72	500	0.1440000
chr22	39739485	39740505	2331	1020	+	13	331	1020	0.3245098
chr22	39745703	39746203	2332	500	+	4	114	500	0.2280000
chr22	39759665	39760205	2333	540	+	16	362	540	0.6703704
chr22	39777005	39777505	2334	500	+	4	140	500	0.2800000
chr22	39780665	39781165	2335	500	+	6	184	500	0.3680000
chr22	39784145	39784645	2336	500	+	2	72	500	0.1440000
chr22	39792325	39792825	2337	500	+	8	174	500	0.3480000
chr22	39795485	39796008	2338	523	+	35	428	523	0.8183556
chr22	39818625	39819125	2339	500	+	21	310	500	0.6200000
chr22	39827914	39828414	2340	500	+	0	0	500	0.0000000
chr22	39833105	39833645	2341	540	+	11	208	540	0.3851852
chr22	39835025	39835545	2342	520	+	17	301	520	0.5788462
chr22	39842165	39842745	2343	580	+	10	293	580	0.5051724
chr22	39844065	39844645	2344	580	+	3	87	580	0.1500000
chr22	39847865	39849165	2345	1300	+	54	827	1300	0.6361538
chr22	39849725	39850265	2346	540	+	9	210	540	0.3888889
chr22	39850385	39850885	2347	500	+	5	114	500	0.2280000
chr22	39858325	39858845	2348	520	+	20	317	520	0.6096154
chr22	39860885	39861385	2349	500	+	13	228	500	0.4560000
chr22	39862545	39863045	2350	500	+	9	227	500	0.4540000
chr22	39865865	39866365	2351	500	+	11	257	500	0.5140000
chr22	39867745	39868265	2352	520	+	49	520	520	1.0000000
chr22	39868845	39869705	2353	860	+	191	860	860	1.0000000
chr22	39870645	39871165	2354	520	+	12	282	520	0.5423077
chr22	39872577	39873105	2355	528	+	5	73	528	0.1382576
chr22	39882745	39883505	2356	760	+	12	352	760	0.4631579
chr22	39884765	39885725	2357	960	+	42	714	960	0.7437500
chr22	39886065	39886585	2358	520	+	12	251	520	0.4826923
chr22	39889265	39889765	2359	500	+	4	130	500	0.2600000
chr22	39891345	39891905	2360	560	+	10	247	560	0.4410714
chr22	39892285	39892825	2361	540	+	35	444	540	0.8222222
chr22	39896865	39897425	2362	560	+	24	404	560	0.7214286
chr22	39897984	39898525	2363	541	+	24	384	541	0.7097967
chr22	39903745	39904285	2364	540	+	11	253	540	0.4685185
chr22	39904305	39904805	2365	500	+	10	304	500	0.6080000
chr22	39910245	39910745	2366	500	+	8	205	500	0.4100000
chr22	39914385	39914885	2367	500	+	14	254	500	0.5080000
chr22	39915925	39916818	2368	893	+	281	813	893	0.9104143
chr22	39916905	39917405	2369	500	+	75	472	500	0.9440000
chr22	39918685	39919345	2370	660	+	41	566	660	0.8575758
chr22	39920545	39921045	2371	500	+	4	121	500	0.2420000
chr22	39921245	39921745	2372	500	+	5	154	500	0.3080000
chr22	39922785	39923285	2373	500	+	7	166	500	0.3320000
chr22	39925105	39925625	2374	520	+	4	117	520	0.2250000
chr22	39926665	39927185	2375	520	+	17	332	520	0.6384615
chr22	39928610	39929145	2376	535	+	26	317	535	0.5925233
chr22	39930645	39931185	2377	540	+	11	287	540	0.5314815
chr22	39937025	39937525	2378	500	+	1	36	500	0.0720000
chr22	39939045	39939585	2379	540	+	3	77	540	0.1425926
chr22	39941705	39942205	2380	500	+	2	24	500	0.0480000
chr22	39953205	39953705	2381	500	+	1	26	500	0.0520000
chr22	39966507	39967007	2382	500	+	1	11	500	0.0220000
chr22	39970685	39971205	2383	520	+	13	279	520	0.5365385
chr22	39971265	39971765	2384	500	+	10	286	500	0.5720000
chr22	39994105	39994625	2385	520	+	1	36	520	0.0692308
chr22	40002625	40003145	2386	520	+	2	72	520	0.1384615
chr22	40018825	40019385	2387	560	+	5	140	560	0.2500000
chr22	40021445	40021965	2388	520	+	21	285	520	0.5480769
chr22	40022105	40022605	2389	500	+	47	429	500	0.8580000
chr22	40023805	40024305	2390	500	+	2	72	500	0.1440000
chr22	40030725	40031245	2391	520	+	22	368	520	0.7076923
chr22	40034745	40035365	2392	620	+	2	72	620	0.1161290
chr22	40050885	40051405	2393	520	+	6	206	520	0.3961538
chr22	40058225	40058725	2394	500	+	2	72	500	0.1440000
chr22	40060325	40060845	2395	520	+	5	103	520	0.1980769
chr22	40098005	40098525	2396	520	+	4	144	520	0.2769231
chr22	40115845	40116345	2397	500	+	5	158	500	0.3160000
chr22	40119765	40120265	2398	500	+	42	465	500	0.9300000
chr22	40120305	40120825	2399	520	+	44	456	520	0.8769231
chr22	40138985	40139485	2400	500	+	1	36	500	0.0720000
chr22	40139905	40140425	2401	520	+	0	0	520	0.0000000
chr22	40144785	40145285	2402	500	+	11	277	500	0.5540000
chr22	40147045	40147565	2403	520	+	5	161	520	0.3096154
chr22	40151085	40151605	2404	520	+	2	72	520	0.1384615
chr22	40161625	40162125	2405	500	+	6	164	500	0.3280000
chr22	40162525	40163025	2406	500	+	3	98	500	0.1960000
chr22	40169945	40170445	2407	500	+	34	459	500	0.9180000
chr22	40176305	40176825	2408	520	+	0	0	520	0.0000000
chr22	40181165	40181725	2409	560	+	0	0	560	0.0000000
chr22	40185845	40186345	2410	500	+	5	155	500	0.3100000
chr22	40197105	40197665	2411	560	+	3	56	560	0.1000000
chr22	40211765	40212265	2412	500	+	3	79	500	0.1580000
chr22	40214005	40214505	2413	500	+	43	477	500	0.9540000
chr22	40216205	40216725	2414	520	+	6	175	520	0.3365385
chr22	40216785	40217285	2415	500	+	6	144	500	0.2880000
chr22	40226885	40227485	2416	600	+	29	417	600	0.6950000
chr22	40228585	40229125	2417	540	+	137	540	540	1.0000000
chr22	40235185	40235685	2418	500	+	19	368	500	0.7360000
chr22	40236005	40236505	2419	500	+	9	214	500	0.4280000
chr22	40240965	40241545	2420	580	+	13	242	580	0.4172414
chr22	40247425	40247945	2421	520	+	6	166	520	0.3192308
chr22	40251505	40252085	2422	580	+	2	72	580	0.1241379
chr22	40252505	40253005	2423	500	+	5	131	500	0.2620000
chr22	40255805	40256805	2424	1000	+	10	277	1000	0.2770000
chr22	40269605	40270405	2425	800	+	2	72	800	0.0900000
chr22	40273225	40273805	2426	580	+	13	353	580	0.6086207
chr22	40279225	40279805	2427	580	+	12	327	580	0.5637931
chr22	40289544	40290044	2428	500	+	1	36	500	0.0720000
chr22	40294965	40295465	2429	500	+	0	0	500	0.0000000
chr22	40296805	40297345	2430	540	+	8	246	540	0.4555556
chr22	40304665	40305165	2431	500	+	11	302	500	0.6040000
chr22	40309725	40310365	2432	640	+	3	108	640	0.1687500
chr22	40311425	40311925	2433	500	+	7	164	500	0.3280000
chr22	40313945	40314545	2434	600	+	16	350	600	0.5833333
chr22	40316025	40316605	2435	580	+	45	524	580	0.9034483
chr22	40322344	40322905	2436	561	+	7	222	561	0.3957219
chr22	40326745	40327265	2437	520	+	4	137	520	0.2634615
chr22	40328705	40329305	2438	600	+	3	88	600	0.1466667
chr22	40334445	40334945	2439	500	+	14	276	500	0.5520000
chr22	40336665	40337205	2440	540	+	8	257	540	0.4759259
chr22	40342465	40342985	2441	520	+	133	500	520	0.9615384
chr22	40345545	40346485	2442	940	+	54	771	940	0.8202128
chr22	40348865	40349365	2443	500	+	9	235	500	0.4700000
chr22	40349745	40350305	2444	560	+	5	167	560	0.2982143
chr22	40352865	40353365	2445	500	+	0	0	500	0.0000000
chr22	40354805	40355325	2446	520	+	32	415	520	0.7980769
chr22	40355485	40356005	2447	520	+	42	418	520	0.8038462
chr22	40357325	40357825	2448	500	+	147	500	500	1.0000000
chr22	40361685	40362185	2449	500	+	37	445	500	0.8900000
chr22	40362405	40362905	2450	500	+	44	452	500	0.9040000
chr22	40363425	40363925	2451	500	+	11	213	500	0.4260000
chr22	40379985	40380505	2452	520	+	10	302	520	0.5807692
chr22	40384485	40384985	2453	500	+	27	421	500	0.8420000
chr22	40386625	40387125	2454	500	+	4	130	500	0.2600000
chr22	40389985	40390505	2455	520	+	2	72	520	0.1384615
chr22	40390702	40391202	2456	500	+	1	36	500	0.0720000
chr22	40395245	40395765	2457	520	+	24	420	520	0.8076923
chr22	40397045	40397585	2458	540	+	2	55	540	0.1018519
chr22	40398125	40398625	2459	500	+	4	126	500	0.2520000
chr22	40405365	40405885	2460	520	+	2	72	520	0.1384615
chr22	40410785	40411285	2461	500	+	7	228	500	0.4560000
chr22	40411525	40412065	2462	540	+	5	130	540	0.2407407
chr22	40420665	40421245	2463	580	+	6	157	580	0.2706897
chr22	40424345	40424845	2464	500	+	4	115	500	0.2300000
chr22	40428085	40428585	2465	500	+	0	0	500	0.0000000
chr22	40432585	40433105	2466	520	+	2	71	520	0.1365385
chr22	40435365	40435885	2467	520	+	3	108	520	0.2076923
chr22	40436865	40437405	2468	540	+	18	355	540	0.6574074
chr22	40438305	40438805	2469	500	+	16	332	500	0.6640000
chr22	40439265	40439765	2470	500	+	42	476	500	0.9520000
chr22	40440005	40440925	2471	920	+	121	754	920	0.8195652
chr22	40441265	40441825	2472	560	+	24	345	560	0.6160714
chr22	40447265	40447785	2473	520	+	5	179	520	0.3442308
chr22	40451505	40452025	2474	520	+	11	244	520	0.4692308
chr22	40453605	40454105	2475	500	+	3	77	500	0.1540000
chr22	40454205	40454705	2476	500	+	5	155	500	0.3100000
chr22	40472665	40473485	2477	820	+	12	234	820	0.2853658
chr22	40476385	40476885	2478	500	+	6	170	500	0.3400000
chr22	40477525	40478045	2479	520	+	8	237	520	0.4557692
chr22	40480225	40480825	2480	600	+	9	225	600	0.3750000
chr22	40487805	40488305	2481	500	+	2	43	500	0.0860000
chr22	40519325	40519865	2482	540	+	3	100	540	0.1851852
chr22	40551965	40552525	2483	560	+	37	523	560	0.9339285
chr22	40553225	40553725	2484	500	+	5	132	500	0.2640000
chr22	40561505	40562005	2485	500	+	1	36	500	0.0720000
chr22	40571585	40572105	2486	520	+	54	477	520	0.9173077
chr22	40572985	40573505	2487	520	+	92	520	520	1.0000000
chr22	40573625	40574178	2488	553	+	70	512	553	0.9258590
chr22	40574925	40575525	2489	600	+	91	575	600	0.9583333
chr22	40576025	40576585	2490	560	+	16	315	560	0.5625000
chr22	40576905	40577405	2491	500	+	18	320	500	0.6400000
chr22	40578185	40578685	2492	500	+	5	150	500	0.3000000
chr22	40578925	40579565	2493	640	+	35	573	640	0.8953125
chr22	40580345	40580845	2494	500	+	6	121	500	0.2420000
chr22	40581825	40582345	2495	520	+	12	272	520	0.5230770
chr22	40583345	40583925	2496	580	+	26	398	580	0.6862069
chr22	40584225	40585345	2497	1120	+	18	551	1120	0.4919643
chr22	40586005	40586945	2498	940	+	35	592	940	0.6297872
chr22	40589485	40590085	2499	600	+	7	163	600	0.2716667
chr22	40592505	40593105	2500	600	+	3	108	600	0.1800000
chr22	40598445	40598945	2501	500	+	15	300	500	0.6000000
chr22	40606705	40607205	2502	500	+	4	116	500	0.2320000
chr22	40636145	40636645	2503	500	+	1	36	500	0.0720000
chr22	40651945	40652445	2504	500	+	4	109	500	0.2180000
chr22	40659145	40659665	2505	520	+	4	116	520	0.2230769
chr22	40673425	40673925	2506	500	+	2	72	500	0.1440000
chr22	40683665	40684165	2507	500	+	7	251	500	0.5020000
chr22	40715285	40716205	2508	920	+	4	131	920	0.1423913
chr22	40716665	40717165	2509	500	+	6	182	500	0.3640000
chr22	40718065	40718565	2510	500	+	8	185	500	0.3700000
chr22	40725005	40725505	2511	500	+	9	250	500	0.5000000
chr22	40728145	40729245	2512	1100	+	12	312	1100	0.2836364
chr22	40738105	40738765	2513	660	+	13	333	660	0.5045455
chr22	40741225	40741725	2514	500	+	0	0	500	0.0000000
chr22	40742205	40743045	2515	840	+	64	765	840	0.9107143
chr22	40743965	40744525	2516	560	+	9	154	560	0.2750000
chr22	40766305	40766845	2517	540	+	17	308	540	0.5703704
chr22	40766925	40767785	2518	860	+	23	481	860	0.5593023
chr22	40768545	40769125	2519	580	+	4	116	580	0.2000000
chr22	40775205	40775725	2520	520	+	2	72	520	0.1384615
chr22	40779325	40779825	2521	500	+	12	254	500	0.5080000
chr22	40779865	40780365	2522	500	+	8	202	500	0.4040000
chr22	40781405	40781985	2523	580	+	7	191	580	0.3293104
chr22	40784145	40784705	2524	560	+	9	243	560	0.4339286
chr22	40795145	40795665	2525	520	+	5	132	520	0.2538462
chr22	40796025	40796585	2526	560	+	2	72	560	0.1285714
chr22	40832625	40833125	2527	500	+	25	379	500	0.7580000
chr22	40853045	40853545	2528	500	+	1	34	500	0.0680000
chr22	40858445	40858945	2529	500	+	16	317	500	0.6340000
chr22	40859225	40859765	2530	540	+	42	483	540	0.8944445
chr22	40860685	40861225	2531	540	+	17	348	540	0.6444445
chr22	40861805	40862305	2532	500	+	3	98	500	0.1960000
chr22	40865085	40865605	2533	520	+	8	228	520	0.4384615
chr22	40872245	40872765	2534	520	+	8	151	520	0.2903846
chr22	40873845	40874385	2535	540	+	2	72	540	0.1333333
chr22	40877825	40878365	2536	540	+	0	0	540	0.0000000
chr22	40883625	40884125	2537	500	+	0	0	500	0.0000000
chr22	40888165	40888665	2538	500	+	1	20	500	0.0400000
chr22	40895145	40895665	2539	520	+	2	51	520	0.0980769
chr22	40908005	40908505	2540	500	+	1	36	500	0.0720000
chr22	40917553	40918053	2541	500	+	1	36	500	0.0720000
chr22	40921205	40921745	2542	540	+	2	25	540	0.0462963
chr22	40923885	40924425	2543	540	+	7	155	540	0.2870370
chr22	40928245	40928745	2544	500	+	2	72	500	0.1440000
chr22	40929605	40930125	2545	520	+	4	144	520	0.2769231
chr22	40930865	40931405	2546	540	+	6	182	540	0.3370370
chr22	40947965	40948465	2547	500	+	11	328	500	0.6560000
chr22	40948685	40949185	2548	500	+	3	108	500	0.2160000
chr22	40956505	40957025	2549	520	+	7	185	520	0.3557692
chr22	40963865	40964405	2550	540	+	1	36	540	0.0666667
chr22	40989865	40990385	2551	520	+	4	132	520	0.2538462
chr22	40991685	40992325	2552	640	+	3	108	640	0.1687500
chr22	41006265	41006805	2553	540	+	0	0	540	0.0000000
chr22	41008105	41008665	2554	560	+	7	221	560	0.3946429
chr22	41009125	41009745	2555	620	+	3	108	620	0.1741935
chr22	41012085	41012585	2556	500	+	1	36	500	0.0720000
chr22	41016405	41016925	2557	520	+	14	275	520	0.5288461
chr22	41017725	41018225	2558	500	+	7	193	500	0.3860000
chr22	41022125	41022665	2559	540	+	1	36	540	0.0666667
chr22	41024585	41025125	2560	540	+	9	279	540	0.5166667
chr22	41027965	41028465	2561	500	+	5	141	500	0.2820000
chr22	41030385	41030885	2562	500	+	5	127	500	0.2540000
chr22	41032473	41033525	2563	1052	+	102	829	1052	0.7880228
chr22	41033585	41034105	2564	520	+	2	47	520	0.0903846
chr22	41036505	41037005	2565	500	+	1	36	500	0.0720000
chr22	41037185	41037705	2566	520	+	8	245	520	0.4711539
chr22	41040565	41041105	2567	540	+	15	312	540	0.5777778
chr22	41042205	41042725	2568	520	+	9	203	520	0.3903846
chr22	41047545	41048445	2569	900	+	240	873	900	0.9700000
chr22	41050565	41051085	2570	520	+	17	333	520	0.6403846
chr22	41062285	41062805	2571	520	+	2	67	520	0.1288462
chr22	41064025	41064585	2572	560	+	8	219	560	0.3910714
chr22	41064865	41065385	2573	520	+	11	273	520	0.5250000
chr22	41068525	41069145	2574	620	+	2	72	620	0.1161290
chr22	41074931	41075431	2575	500	+	2	72	500	0.1440000
chr22	41078985	41079505	2576	520	+	2	51	520	0.0980769
chr22	41085805	41086305	2577	500	+	1	36	500	0.0720000
chr22	41105685	41106185	2578	500	+	10	256	500	0.5120000
chr22	41107505	41108045	2579	540	+	14	273	540	0.5055556
chr22	41117185	41117705	2580	520	+	1	36	520	0.0692308
chr22	41122445	41122945	2581	500	+	0	0	500	0.0000000
chr22	41124725	41125285	2582	560	+	5	149	560	0.2660714
chr22	41139665	41140165	2583	500	+	6	201	500	0.4020000
chr22	41194905	41195405	2584	500	+	4	125	500	0.2500000
chr22	41196265	41196825	2585	560	+	4	100	560	0.1785714
chr22	41209925	41210425	2586	500	+	32	326	500	0.6520000
chr22	41213025	41213545	2587	520	+	55	513	520	0.9865385
chr22	41214005	41214505	2588	500	+	35	378	500	0.7560000
chr22	41214665	41215725	2589	1060	+	139	858	1060	0.8094339
chr22	41216525	41217125	2590	600	+	2	45	600	0.0750000
chr22	41249445	41250385	2591	940	+	24	536	940	0.5702128
chr22	41250905	41251405	2592	500	+	17	327	500	0.6540000
chr22	41251625	41252345	2593	720	+	80	608	720	0.8444445
chr22	41252485	41253334	2594	849	+	155	711	849	0.8374558
chr22	41257880	41258380	2595	500	+	5	163	500	0.3260000
chr22	41294925	41295525	2596	600	+	10	232	600	0.3866667
chr22	41298605	41299425	2597	820	+	3	108	820	0.1317073
chr22	41318665	41319185	2598	520	+	2	72	520	0.1384615
chr22	41324605	41325125	2599	520	+	2	41	520	0.0788462
chr22	41346805	41347945	2600	1140	+	64	702	1140	0.6157895
chr22	41349325	41349885	2601	560	+	21	407	560	0.7267857
chr22	41350065	41350565	2602	500	+	9	175	500	0.3500000
chr22	41360525	41361025	2603	500	+	12	287	500	0.5740000
chr22	41361845	41362365	2604	520	+	37	422	520	0.8115385
chr22	41362665	41363205	2605	540	+	13	334	540	0.6185185
chr22	41372945	41373525	2606	580	+	5	180	580	0.3103448
chr22	41417765	41418285	2607	520	+	15	257	520	0.4942308
chr22	41418385	41419205	2608	820	+	11	301	820	0.3670732
chr22	41441305	41441805	2609	500	+	0	0	500	0.0000000
chr22	41444725	41445265	2610	540	+	7	247	540	0.4574074
chr22	41486545	41487045	2611	500	+	6	181	500	0.3620000
chr22	41487345	41487865	2612	520	+	48	349	520	0.6711538
chr22	41488325	41488863	2613	538	+	26	473	538	0.8791822
chr22	41489005	41489505	2614	500	+	20	331	500	0.6620000
chr22	41489985	41490505	2615	520	+	8	266	520	0.5115384
chr22	41582625	41583625	2616	1000	+	7	236	1000	0.2360000
chr22	41592805	41594065	2617	1260	+	11	372	1260	0.2952381
chr22	41600985	41601562	2618	577	+	69	416	577	0.7209705
chr22	41613645	41614145	2619	500	+	15	402	500	0.8040000
chr22	41636685	41637185	2620	500	+	1	36	500	0.0720000
chr22	41681305	41682705	2621	1400	+	118	1225	1400	0.8750000
chr22	41684205	41684725	2622	520	+	19	373	520	0.7173077
chr22	41697245	41697785	2623	540	+	13	209	540	0.3870370
chr22	41699085	41699725	2624	640	+	80	639	640	0.9984375
chr22	41700305	41700805	2625	500	+	22	363	500	0.7260000
chr22	41703705	41704965	2626	1260	+	41	835	1260	0.6626984
chr22	41707465	41707965	2627	500	+	15	296	500	0.5920000
chr22	41746105	41746605	2628	500	+	13	287	500	0.5740000
chr22	41750065	41750645	2629	580	+	19	423	580	0.7293103
chr22	41763045	41763565	2630	520	+	4	144	520	0.2769231
chr22	41776265	41776805	2631	540	+	67	496	540	0.9185185
chr22	41776825	41778645	2632	1820	+	123	906	1820	0.4978022
chr22	41799705	41800205	2633	500	+	8	246	500	0.4920000
chr22	41809385	41810205	2634	820	+	94	769	820	0.9378049
chr22	41839045	41839545	2635	500	+	1	36	500	0.0720000
chr22	41840265	41840765	2636	500	+	37	406	500	0.8120000
chr22	41841065	41841625	2637	560	+	47	477	560	0.8517857
chr22	41842625	41843277	2638	652	+	98	648	652	0.9938650
chr22	41843385	41843945	2639	560	+	99	560	560	1.0000000
chr22	41844325	41844845	2640	520	+	20	371	520	0.7134615
chr22	41864458	41865785	2641	1327	+	401	1327	1327	1.0000000
chr22	41878225	41878805	2642	580	+	15	381	580	0.6568965
chr22	41883145	41883645	2643	500	+	11	298	500	0.5960000
chr22	41901725	41902305	2644	580	+	4	133	580	0.2293103
chr22	41908745	41909265	2645	520	+	36	447	520	0.8596154
chr22	41919505	41920045	2646	540	+	98	534	540	0.9888889
chr22	41922545	41923045	2647	500	+	13	260	500	0.5200000
chr22	41929145	41929645	2648	500	+	8	264	500	0.5280000
chr22	41930305	41930805	2649	500	+	2	72	500	0.1440000
chr22	41931145	41931725	2650	580	+	3	108	580	0.1862069
chr22	41935765	41936345	2651	580	+	35	485	580	0.8362069
chr22	41939685	41940185	2652	500	+	44	420	500	0.8400000
chr22	41940243	41940845	2653	602	+	15	308	602	0.5116279
chr22	41949785	41950345	2654	560	+	0	0	560	0.0000000
chr22	41951225	41951725	2655	500	+	4	121	500	0.2420000
chr22	41956637	41957263	2656	626	+	6	177	626	0.2827476
chr22	41958965	41959825	2657	860	+	48	749	860	0.8709303
chr22	41961505	41962045	2658	540	+	50	513	540	0.9500000
chr22	41969305	41969805	2659	500	+	6	150	500	0.3000000
chr22	41972785	41973365	2660	580	+	5	180	580	0.3103448
chr22	41985621	41986265	2661	644	+	22	309	644	0.4798137
chr22	41987985	41988485	2662	500	+	8	180	500	0.3600000
chr22	41993525	41994505	2663	980	+	43	695	980	0.7091837
chr22	41999765	42000325	2664	560	+	14	355	560	0.6339286
chr22	42004565	42005145	2665	580	+	5	146	580	0.2517241
chr22	42014885	42015405	2666	520	+	3	90	520	0.1730769
chr22	42016811	42017945	2667	1134	+	263	1086	1134	0.9576719
chr22	42052505	42053045	2668	540	+	3	108	540	0.2000000
chr22	42062625	42063145	2669	520	+	77	456	520	0.8769231
chr22	42063325	42063845	2670	520	+	38	429	520	0.8250000
chr22	42078265	42078765	2671	500	+	80	457	500	0.9140000
chr22	42084645	42085163	2672	518	+	61	455	518	0.8783784
chr22	42086296	42086796	2673	500	+	5	126	500	0.2520000
chr22	42093005	42093545	2674	540	+	15	302	540	0.5592592
chr22	42095267	42095767	2675	500	+	0	0	500	0.0000000
chr22	42108925	42109425	2676	500	+	0	0	500	0.0000000
chr22	42121465	42121965	2677	500	+	26	380	500	0.7600000
chr22	42122025	42122525	2678	500	+	0	0	500	0.0000000
chr22	42132385	42132885	2679	500	+	1	36	500	0.0720000
chr22	42142505	42143045	2680	540	+	4	132	540	0.2444444
chr22	42154145	42154665	2681	520	+	2	72	520	0.1384615
chr22	42158985	42159525	2682	540	+	1	36	540	0.0666667
chr22	42177045	42177605	2683	560	+	1	36	560	0.0642857
chr22	42195785	42196285	2684	500	+	57	490	500	0.9800000
chr22	42196365	42196875	2685	510	+	37	476	510	0.9333333
chr22	42197305	42197805	2686	500	+	22	383	500	0.7660000
chr22	42197885	42198385	2687	500	+	3	90	500	0.1800000
chr22	42204385	42204885	2688	500	+	5	173	500	0.3460000
chr22	42217865	42218365	2689	500	+	8	238	500	0.4760000
chr22	42218625	42219205	2690	580	+	15	337	580	0.5810345
chr22	42221285	42221825	2691	540	+	27	412	540	0.7629629
chr22	42228665	42229332	2692	667	+	69	563	667	0.8440779
chr22	42230365	42230985	2693	620	+	29	452	620	0.7290323
chr22	42234065	42234585	2694	520	+	12	288	520	0.5538462
chr22	42239405	42239905	2695	500	+	16	286	500	0.5720000
chr22	42240465	42240965	2696	500	+	9	212	500	0.4240000
chr22	42241865	42242385	2697	520	+	33	397	520	0.7634615
chr22	42244325	42244865	2698	540	+	6	187	540	0.3462963
chr22	42253465	42254005	2699	540	+	6	208	540	0.3851852
chr22	42257985	42258525	2700	540	+	7	192	540	0.3555556
chr22	42296305	42296805	2701	500	+	5	147	500	0.2940000
chr22	42310421	42310921	2702	500	+	1	36	500	0.0720000
chr22	42311725	42312245	2703	520	+	3	72	520	0.1384615
chr22	42314085	42314585	2704	500	+	2	72	500	0.1440000
chr22	42315645	42316145	2705	500	+	6	157	500	0.3140000
chr22	42321925	42322445	2706	520	+	1	8	520	0.0153846
chr22	42322571	42323071	2707	500	+	2	72	500	0.1440000
chr22	42323825	42324325	2708	500	+	1	14	500	0.0280000
chr22	42326325	42326825	2709	500	+	2	61	500	0.1220000
chr22	42335845	42336385	2710	540	+	8	211	540	0.3907408
chr22	42337185	42337725	2711	540	+	12	370	540	0.6851852
chr22	42342605	42343485	2712	880	+	93	801	880	0.9102273
chr22	42343725	42344245	2713	520	+	9	224	520	0.4307692
chr22	42346805	42347305	2714	500	+	5	124	500	0.2480000
chr22	42347940	42348440	2715	500	+	0	0	500	0.0000000
chr22	42353565	42354065	2716	500	+	5	131	500	0.2620000
chr22	42355725	42356225	2717	500	+	13	220	500	0.4400000
chr22	42356325	42356845	2718	520	+	19	365	520	0.7019231
chr22	42362625	42363125	2719	500	+	2	72	500	0.1440000
chr22	42372680	42373180	2720	500	+	1	36	500	0.0720000
chr22	42394478	42394978	2721	500	+	1	36	500	0.0720000
chr22	42397005	42397505	2722	500	+	1	36	500	0.0720000
chr22	42418425	42418925	2723	500	+	6	173	500	0.3460000
chr22	42465765	42466345	2724	580	+	66	530	580	0.9137931
chr22	42466585	42467096	2725	511	+	30	305	511	0.5968689
chr22	42468465	42468965	2726	500	+	3	88	500	0.1760000
chr22	42470004	42470504	2727	500	+	0	0	500	0.0000000
chr22	42475365	42476265	2728	900	+	80	802	900	0.8911111
chr22	42485865	42486505	2729	640	+	154	429	640	0.6703125
chr22	42486645	42487209	2730	564	+	81	435	564	0.7712766
chr22	42511485	42511985	2731	500	+	0	0	500	0.0000000
chr22	42514125	42514625	2732	500	+	1	36	500	0.0720000
chr22	42516305	42517185	2733	880	+	23	443	880	0.5034091
chr22	42526633	42527133	2734	500	+	0	0	500	0.0000000
chr22	42540326	42540826	2735	500	+	0	0	500	0.0000000
chr22	42564885	42565425	2736	540	+	3	101	540	0.1870370
chr22	42576225	42576745	2737	520	+	27	322	520	0.6192307
chr22	42578205	42578705	2738	500	+	7	227	500	0.4540000
chr22	42580765	42581285	2739	520	+	9	202	520	0.3884615
chr22	42584705	42585285	2740	580	+	9	202	580	0.3482759
chr22	42607225	42607745	2741	520	+	4	85	520	0.1634615
chr22	42627865	42628405	2742	540	+	1	36	540	0.0666667
chr22	42658885	42659385	2743	500	+	1	36	500	0.0720000
chr22	42664685	42666008	2744	1323	+	35	581	1323	0.4391534
chr22	42666365	42666865	2745	500	+	4	144	500	0.2880000
chr22	42679683	42680183	2746	500	+	1	36	500	0.0720000
chr22	42695745	42696305	2747	560	+	8	221	560	0.3946429
chr22	42696665	42697205	2748	540	+	3	86	540	0.1592593
chr22	42709865	42710365	2749	500	+	1	36	500	0.0720000
chr22	42712925	42713425	2750	500	+	1	36	500	0.0720000
chr22	42764964	42765705	2751	741	+	8	187	741	0.2523617
chr22	42771865	42772385	2752	520	+	1	36	520	0.0692308
chr22	42772725	42773225	2753	500	+	8	212	500	0.4240000
chr22	42795565	42796065	2754	500	+	3	108	500	0.2160000
chr22	42808625	42809125	2755	500	+	33	443	500	0.8860000
chr22	42810605	42811305	2756	700	+	9	234	700	0.3342857
chr22	42814725	42815225	2757	500	+	1	36	500	0.0720000
chr22	42820305	42820825	2758	520	+	1	36	520	0.0692308
chr22	42821965	42822465	2759	500	+	0	0	500	0.0000000
chr22	42828151	42828651	2760	500	+	2	72	500	0.1440000
chr22	42833385	42833925	2761	540	+	7	186	540	0.3444445
chr22	42839965	42841045	2762	1080	+	79	930	1080	0.8611111
chr22	42855725	42856225	2763	500	+	1	1	500	0.0020000
chr22	42858005	42858505	2764	500	+	2	58	500	0.1160000
chr22	42864845	42865345	2765	500	+	3	108	500	0.2160000
chr22	42869445	42869965	2766	520	+	2	72	520	0.1384615
chr22	42891645	42892185	2767	540	+	3	106	540	0.1962963
chr22	42894565	42895185	2768	620	+	6	128	620	0.2064516
chr22	42895225	42895725	2769	500	+	11	203	500	0.4060000
chr22	42895925	42896834	2770	909	+	8	189	909	0.2079208
chr22	42908245	42908745	2771	500	+	1	36	500	0.0720000
chr22	42915579	42916145	2772	566	+	18	250	566	0.4416961
chr22	42927385	42927885	2773	500	+	3	108	500	0.2160000
chr22	42929285	42929785	2774	500	+	10	154	500	0.3080000
chr22	42935165	42935665	2775	500	+	6	68	500	0.1360000
chr22	42937865	42938365	2776	500	+	0	0	500	0.0000000
chr22	42940625	42941145	2777	520	+	1	36	520	0.0692308
chr22	42943485	42943985	2778	500	+	1	36	500	0.0720000
chr22	42947205	42947725	2779	520	+	2	72	520	0.1384615
chr22	42947985	42948485	2780	500	+	1	36	500	0.0720000
chr22	42948825	42949325	2781	500	+	8	211	500	0.4220000
chr22	42949617	42950125	2782	508	+	32	358	508	0.7047244
chr22	42958085	42958705	2783	620	+	17	340	620	0.5483871
chr22	42977767	42978365	2784	598	+	11	212	598	0.3545150
chr22	43008785	43009365	2785	580	+	10	269	580	0.4637931
chr22	43010405	43011725	2786	1320	+	259	1312	1320	0.9939394
chr22	43013525	43014025	2787	500	+	7	178	500	0.3560000
chr22	43016525	43017045	2788	520	+	23	393	520	0.7557693
chr22	43017525	43018025	2789	500	+	4	144	500	0.2880000
chr22	43036357	43036857	2790	500	+	0	0	500	0.0000000
chr22	43038705	43039225	2791	520	+	23	360	520	0.6923077
chr22	43042745	43043345	2792	600	+	17	349	600	0.5816666
chr22	43044245	43044785	2793	540	+	39	428	540	0.7925926
chr22	43045265	43045765	2794	500	+	4	96	500	0.1920000
chr22	43052425	43052945	2795	520	+	0	0	520	0.0000000
chr22	43057885	43058585	2796	700	+	5	156	700	0.2228571
chr22	43076585	43077085	2797	500	+	2	65	500	0.1300000
chr22	43084285	43084825	2798	540	+	3	108	540	0.2000000
chr22	43110805	43111305	2799	500	+	2	72	500	0.1440000
chr22	43113305	43113845	2800	540	+	3	108	540	0.2000000
chr22	43116666	43117166	2801	500	+	1	36	500	0.0720000
chr22	43118865	43119425	2802	560	+	3	91	560	0.1625000
chr22	43136365	43136865	2803	500	+	0	0	500	0.0000000
chr22	43150645	43151145	2804	500	+	5	177	500	0.3540000
chr22	43165905	43166425	2805	520	+	1	35	520	0.0673077
chr22	43176045	43176545	2806	500	+	3	98	500	0.1960000
chr22	43199565	43200065	2807	500	+	3	108	500	0.2160000
chr22	43216045	43216605	2808	560	+	1	36	560	0.0642857
chr22	43252105	43252605	2809	500	+	22	380	500	0.7600000
chr22	43253085	43253658	2810	573	+	27	339	573	0.5916230
chr22	43259125	43259645	2811	520	+	1	36	520	0.0692308
chr22	43263685	43264205	2812	520	+	1	4	520	0.0076923
chr22	43315105	43315665	2813	560	+	7	179	560	0.3196429
chr22	43329385	43329905	2814	520	+	7	217	520	0.4173077
chr22	43333365	43333905	2815	540	+	5	122	540	0.2259259
chr22	43336125	43336625	2816	500	+	7	205	500	0.4100000
chr22	43341425	43342165	2817	740	+	15	338	740	0.4567568
chr22	43343085	43343605	2818	520	+	9	266	520	0.5115384
chr22	43344225	43344725	2819	500	+	2	72	500	0.1440000
chr22	43345045	43345545	2820	500	+	3	108	500	0.2160000
chr22	43354965	43355465	2821	500	+	37	411	500	0.8220000
chr22	43355645	43356605	2822	960	+	120	924	960	0.9625000
chr22	43358145	43358705	2823	560	+	10	212	560	0.3785714
chr22	43363885	43364425	2824	540	+	8	219	540	0.4055555
chr22	43366585	43367105	2825	520	+	6	134	520	0.2576923
chr22	43373445	43373945	2826	500	+	5	128	500	0.2560000
chr22	43378665	43379225	2827	560	+	1	36	560	0.0642857
chr22	43381445	43381985	2828	540	+	2	68	540	0.1259259
chr22	43386865	43387365	2829	500	+	2	54	500	0.1080000
chr22	43396405	43396905	2830	500	+	15	292	500	0.5840000
chr22	43398265	43398805	2831	540	+	11	175	540	0.3240741
chr22	43399665	43400185	2832	520	+	7	235	520	0.4519231
chr22	43403585	43404085	2833	500	+	18	295	500	0.5900000
chr22	43409945	43410445	2834	500	+	7	178	500	0.3560000
chr22	43410934	43411545	2835	611	+	17	314	611	0.5139116
chr22	43429785	43430325	2836	540	+	0	0	540	0.0000000
chr22	43434265	43434840	2837	575	+	2	72	575	0.1252174
chr22	43456145	43456665	2838	520	+	0	0	520	0.0000000
chr22	43463385	43463885	2839	500	+	1	36	500	0.0720000
chr22	43485184	43485705	2840	521	+	14	222	521	0.4261037
chr22	43486085	43486605	2841	520	+	5	159	520	0.3057692
chr22	43496125	43496625	2842	500	+	4	144	500	0.2880000
chr22	43497145	43497705	2843	560	+	17	306	560	0.5464286
chr22	43499905	43500425	2844	520	+	35	348	520	0.6692308
chr22	43506503	43507003	2845	500	+	3	108	500	0.2160000
chr22	43520765	43521325	2846	560	+	3	79	560	0.1410714
chr22	43539153	43539705	2847	552	+	43	445	552	0.8061594
chr22	43547269	43547769	2848	500	+	14	228	500	0.4560000
chr22	43559765	43560265	2849	500	+	10	252	500	0.5040000
chr22	43561485	43562065	2850	580	+	8	209	580	0.3603448
chr22	43563085	43563605	2851	520	+	6	133	520	0.2557692
chr22	43579425	43579965	2852	540	+	150	540	540	1.0000000
chr22	43582887	43583387	2853	500	+	18	241	500	0.4820000
chr22	43583425	43583945	2854	520	+	28	225	520	0.4326923
chr22	43585025	43585525	2855	500	+	6	186	500	0.3720000
chr22	43592385	43593365	2856	980	+	2	72	980	0.0734694
chr22	43608429	43609425	2857	996	+	1	36	996	0.0361446
chr22	43614865	43615405	2858	540	+	7	165	540	0.3055556
chr22	43615925	43616465	2859	540	+	1	36	540	0.0666667
chr22	43618125	43618665	2860	540	+	3	97	540	0.1796296
chr22	43624285	43624785	2861	500	+	1	36	500	0.0720000
chr22	43627145	43627665	2862	520	+	2	72	520	0.1384615
chr22	43659105	43659645	2863	540	+	1	36	540	0.0666667
chr22	43659745	43660525	2864	780	+	11	274	780	0.3512821
chr22	43669865	43670365	2865	500	+	1	36	500	0.0720000
chr22	43671445	43672197	2866	752	+	6	181	752	0.2406915
chr22	43674145	43674645	2867	500	+	1	36	500	0.0720000
chr22	43689145	43690145	2868	1000	+	59	771	1000	0.7710000
chr22	43706185	43706685	2869	500	+	3	108	500	0.2160000
chr22	43722445	43722945	2870	500	+	3	108	500	0.2160000
chr22	43739144	43739644	2871	500	+	0	0	500	0.0000000
chr22	43741745	43742625	2872	880	+	8	233	880	0.2647727
chr22	43755825	43756385	2873	560	+	3	108	560	0.1928571
chr22	43781625	43782125	2874	500	+	4	144	500	0.2880000
chr22	43807769	43808269	2875	500	+	0	0	500	0.0000000
chr22	43911883	43912383	2876	500	+	2	72	500	0.1440000
chr22	44207967	44208467	2877	500	+	4	140	500	0.2800000
chr22	44258128	44258628	2878	500	+	0	0	500	0.0000000
chr22	44278845	44279345	2879	500	+	1	36	500	0.0720000
chr22	44280805	44281305	2880	500	+	0	0	500	0.0000000
chr22	44287643	44288143	2881	500	+	0	0	500	0.0000000
chr22	44298885	44299405	2882	520	+	2	72	520	0.1384615
chr22	44319368	44319905	2883	537	+	5	162	537	0.3016760
chr22	44341685	44342185	2884	500	+	5	154	500	0.3080000
chr22	44350185	44350685	2885	500	+	7	238	500	0.4760000
chr22	44351010	44351525	2886	515	+	55	482	515	0.9359223
chr22	44351705	44352205	2887	500	+	46	438	500	0.8760000
chr22	44365325	44365845	2888	520	+	57	513	520	0.9865385
chr22	44381325	44381865	2889	540	+	49	471	540	0.8722222
chr22	44394840	44395340	2890	500	+	0	0	500	0.0000000
chr22	44400145	44400705	2891	560	+	5	109	560	0.1946429
chr22	44401325	44401845	2892	520	+	3	108	520	0.2076923
chr22	44411565	44412065	2893	500	+	4	144	500	0.2880000
chr22	44416725	44417805	2894	1080	+	27	629	1080	0.5824074
chr22	44421365	44421925	2895	560	+	33	488	560	0.8714285
chr22	44422625	44423125	2896	500	+	49	497	500	0.9940000
chr22	44426705	44427245	2897	540	+	24	388	540	0.7185185
chr22	44438625	44439125	2898	500	+	6	203	500	0.4060000
chr22	44439665	44440165	2899	500	+	5	177	500	0.3540000
chr22	44442385	44442885	2900	500	+	7	207	500	0.4140000
chr22	44464545	44465045	2901	500	+	3	107	500	0.2140000
chr22	44525385	44525905	2902	520	+	1	36	520	0.0692308
chr22	44568145	44568665	2903	520	+	2	72	520	0.1384615
chr22	44576519	44577019	2904	500	+	4	120	500	0.2400000
chr22	44588125	44588645	2905	520	+	1	36	520	0.0692308
chr22	44708481	44708981	2906	500	+	1	36	500	0.0720000
chr22	44838956	44839456	2907	500	+	1	36	500	0.0720000
chr22	44845225	44845745	2908	520	+	9	181	520	0.3480769
chr22	44893755	44894585	2909	830	+	5	149	830	0.1795181
chr22	44964969	44965469	2910	500	+	3	108	500	0.2160000
chr22	45016165	45016665	2911	500	+	0	0	500	0.0000000
chr22	45021049	45021549	2912	500	+	1	36	500	0.0720000
chr22	45022005	45022505	2913	500	+	0	0	500	0.0000000
chr22	45065505	45066005	2914	500	+	2	55	500	0.1100000
chr22	45067605	45068105	2915	500	+	2	72	500	0.1440000
chr22	45071065	45071565	2916	500	+	6	133	500	0.2660000
chr22	45072437	45073025	2917	588	+	78	585	588	0.9948980
chr22	45077605	45078105	2918	500	+	5	135	500	0.2700000
chr22	45078325	45078845	2919	520	+	17	337	520	0.6480770
chr22	45080505	45081025	2920	520	+	25	395	520	0.7596154
chr22	45081225	45081725	2921	500	+	16	258	500	0.5160000
chr22	45084985	45085485	2922	500	+	4	138	500	0.2760000
chr22	45089225	45089785	2923	560	+	12	214	560	0.3821429
chr22	45093245	45093745	2924	500	+	2	55	500	0.1100000
chr22	45097205	45097725	2925	520	+	12	313	520	0.6019230
chr22	45097827	45098327	2926	500	+	3	105	500	0.2100000
chr22	45117045	45117545	2927	500	+	0	0	500	0.0000000
chr22	45119605	45120125	2928	520	+	5	149	520	0.2865385
chr22	45134185	45134685	2929	500	+	0	0	500	0.0000000
chr22	45135585	45136125	2930	540	+	1	8	540	0.0148148
chr22	45143545	45144065	2931	520	+	1	36	520	0.0692308
chr22	45148187	45148687	2932	500	+	0	0	500	0.0000000
chr22	45196025	45196525	2933	500	+	0	0	500	0.0000000
chr22	45216405	45216905	2934	500	+	1	36	500	0.0720000
chr22	45223945	45224445	2935	500	+	0	0	500	0.0000000
chr22	45265845	45266345	2936	500	+	5	142	500	0.2840000
chr22	45371385	45371885	2937	500	+	1	36	500	0.0720000
chr22	45404624	45405124	2938	500	+	0	0	500	0.0000000
chr22	45468105	45468605	2939	500	+	1	36	500	0.0720000
chr22	45492105	45492605	2940	500	+	2	51	500	0.1020000
chr22	45497665	45498165	2941	500	+	2	72	500	0.1440000
chr22	45535865	45536365	2942	500	+	0	0	500	0.0000000
chr22	45548215	45548715	2943	500	+	0	0	500	0.0000000
chr22	45555465	45555985	2944	520	+	13	376	520	0.7230769
chr22	45559475	45559985	2945	510	+	18	254	510	0.4980392
chr22	45565965	45566525	2946	560	+	8	227	560	0.4053572
chr22	45588385	45589205	2947	820	+	9	258	820	0.3146341
chr22	45608085	45608585	2948	500	+	0	0	500	0.0000000
chr22	45619225	45619725	2949	500	+	2	72	500	0.1440000
chr22	45635125	45635625	2950	500	+	1	36	500	0.0720000
chr22	45636400	45636900	2951	500	+	0	0	500	0.0000000
chr22	45645165	45646185	2952	1020	+	7	170	1020	0.1666667
chr22	45650865	45651365	2953	500	+	1	36	500	0.0720000
chr22	45659565	45660085	2954	520	+	3	108	520	0.2076923
chr22	45664785	45665285	2955	500	+	2	52	500	0.1040000
chr22	45675645	45676205	2956	560	+	0	0	560	0.0000000
chr22	45676365	45676865	2957	500	+	1	36	500	0.0720000
chr22	45680617	45681117	2958	500	+	1	27	500	0.0540000
chr22	45686485	45686985	2959	500	+	4	135	500	0.2700000
chr22	45697845	45698345	2960	500	+	3	104	500	0.2080000
chr22	45705305	45706034	2961	729	+	41	485	729	0.6652949
chr22	45708565	45709065	2962	500	+	15	390	500	0.7800000
chr22	45709865	45710365	2963	500	+	92	486	500	0.9720000
chr22	45710605	45711125	2964	520	+	72	466	520	0.8961539
chr22	45711605	45712125	2965	520	+	2	72	520	0.1384615
chr22	45712745	45713245	2966	500	+	6	160	500	0.3200000
chr22	45713965	45714485	2967	520	+	3	108	520	0.2076923
chr22	45737405	45737905	2968	500	+	1	36	500	0.0720000
chr22	45748505	45749045	2969	540	+	2	60	540	0.1111111
chr22	45809250	45809821	2970	571	+	0	0	571	0.0000000
chr22	45831465	45832005	2971	540	+	0	0	540	0.0000000
chr22	45898468	45898968	2972	500	+	0	0	500	0.0000000
chr22	45944925	45945445	2973	520	+	2	63	520	0.1211538
chr22	45949565	45950085	2974	520	+	7	157	520	0.3019231
chr22	45973765	45974345	2975	580	+	1	36	580	0.0620690
chr22	45998565	45999065	2976	500	+	0	0	500	0.0000000
chr22	46001277	46001777	2977	500	+	0	0	500	0.0000000
chr22	46014465	46014985	2978	520	+	15	247	520	0.4750000
chr22	46022165	46022665	2979	500	+	3	108	500	0.2160000
chr22	46025265	46025765	2980	500	+	0	0	500	0.0000000
chr22	46032565	46033065	2981	500	+	1	36	500	0.0720000
chr22	46034825	46035345	2982	520	+	15	410	520	0.7884616
chr22	46038745	46039325	2983	580	+	1	36	580	0.0620690
chr22	46041165	46041665	2984	500	+	3	108	500	0.2160000
chr22	46067405	46067927	2985	522	+	17	264	522	0.5057471
chr22	46069605	46070185	2986	580	+	2	72	580	0.1241379
chr22	46080005	46080505	2987	500	+	1	36	500	0.0720000
chr22	46085105	46085625	2988	520	+	3	108	520	0.2076923
chr22	46156525	46157045	2989	520	+	6	157	520	0.3019231
chr22	46259685	46260185	2990	500	+	1	36	500	0.0720000
chr22	46372758	46373258	2991	500	+	1	6	500	0.0120000
chr22	46374905	46375425	2992	520	+	2	72	520	0.1384615
chr22	46402145	46402745	2993	600	+	2	46	600	0.0766667
chr22	46409205	46410225	2994	1020	+	110	888	1020	0.8705882
chr22	46410945	46411445	2995	500	+	3	94	500	0.1880000
chr22	46431545	46432065	2996	520	+	2	64	520	0.1230769
chr22	46432565	46433065	2997	500	+	23	402	500	0.8040000
chr22	46440498	46440998	2998	500	+	0	0	500	0.0000000
chr22	46449475	46450274	2999	799	+	0	0	799	0.0000000
chr22	46480745	46481285	3000	540	+	43	462	540	0.8555555
chr22	46481585	46482126	3001	541	+	51	541	541	1.0000000
chr22	46505025	46505525	3002	500	+	0	0	500	0.0000000
chr22	46512125	46512765	3003	640	+	1	36	640	0.0562500
chr22	46515885	46516385	3004	500	+	6	190	500	0.3800000
chr22	46546045	46546748	3005	703	+	1	35	703	0.0497866
chr22	46566885	46567405	3006	520	+	4	131	520	0.2519231
chr22	46576185	46576725	3007	540	+	11	248	540	0.4592593
chr22	46579665	46580165	3008	500	+	4	89	500	0.1780000
chr22	46587105	46587605	3009	500	+	0	0	500	0.0000000
chr22	46589805	46590305	3010	500	+	4	116	500	0.2320000
chr22	46630865	46631445	3011	580	+	31	528	580	0.9103448
chr22	46635525	46636025	3012	500	+	4	142	500	0.2840000
chr22	46637165	46637725	3013	560	+	13	253	560	0.4517857
chr22	46645943	46646505	3014	562	+	40	482	562	0.8576512
chr22	46647025	46647525	3015	500	+	42	468	500	0.9360000
chr22	46650045	46650605	3016	560	+	3	95	560	0.1696429
chr22	46652205	46652725	3017	520	+	16	399	520	0.7673077
chr22	46658969	46659469	3018	500	+	0	0	500	0.0000000
chr22	46663505	46664110	3019	605	+	22	445	605	0.7355372
chr22	46692307	46692905	3020	598	+	62	530	598	0.8862876
chr22	46703005	46703585	3021	580	+	22	340	580	0.5862069
chr22	46710025	46710585	3022	560	+	2	72	560	0.1285714
chr22	46730445	46730965	3023	520	+	5	96	520	0.1846154
chr22	46731047	46731845	3024	798	+	44	602	798	0.7543859
chr22	46751205	46751705	3025	500	+	2	72	500	0.1440000
chr22	46786385	46787045	3026	660	+	4	144	660	0.2181818
chr22	46851945	46852445	3027	500	+	5	151	500	0.3020000
chr22	46858505	46859005	3028	500	+	1	36	500	0.0720000
chr22	46887985	46888485	3029	500	+	2	72	500	0.1440000
chr22	46891125	46891625	3030	500	+	4	121	500	0.2420000
chr22	46924005	46924545	3031	540	+	4	137	540	0.2537037
chr22	46932817	46933317	3032	500	+	0	0	500	0.0000000
chr22	46943765	46944265	3033	500	+	2	72	500	0.1440000
chr22	46957305	46957825	3034	520	+	7	192	520	0.3692308
chr22	46959165	46960085	3035	920	+	13	334	920	0.3630435
chr22	46971005	46971645	3036	640	+	6	214	640	0.3343750
chr22	46971705	46972205	3037	500	+	5	143	500	0.2860000
chr22	46974925	46975425	3038	500	+	17	370	500	0.7400000
chr22	46988145	46988685	3039	540	+	13	330	540	0.6111111
chr22	46994825	46995405	3040	580	+	7	187	580	0.3224138
chr22	46999685	47000725	3041	1040	+	289	999	1040	0.9605770
chr22	47015505	47016548	3042	1043	+	6	215	1043	0.2061362
chr22	47029925	47030445	3043	520	+	15	336	520	0.6461539
chr22	47030765	47031685	3044	920	+	4	92	920	0.1000000
chr22	47042645	47043205	3045	560	+	1	32	560	0.0571429
chr22	47045265	47045805	3046	540	+	45	464	540	0.8592592
chr22	47047865	47048405	3047	540	+	25	470	540	0.8703704
chr22	47106685	47107225	3048	540	+	5	135	540	0.2500000
chr22	47130885	47131425	3049	540	+	6	193	540	0.3574074
chr22	47133902	47134465	3050	563	+	1	36	563	0.0639432
chr22	47149865	47150765	3051	900	+	236	890	900	0.9888889
chr22	47154645	47155165	3052	520	+	2	71	520	0.1365385
chr22	47158205	47158763	3053	558	+	80	535	558	0.9587814
chr22	47169685	47170225	3054	540	+	12	249	540	0.4611111
chr22	47194385	47194885	3055	500	+	5	144	500	0.2880000
chr22	47198925	47199705	3056	780	+	2	72	780	0.0923077
chr22	47212045	47212785	3057	740	+	20	406	740	0.5486487
chr22	47250045	47250545	3058	500	+	11	274	500	0.5480000
chr22	47261425	47261925	3059	500	+	0	0	500	0.0000000
chr22	47274385	47274905	3060	520	+	2	33	520	0.0634615
chr22	47291625	47292125	3061	500	+	19	434	500	0.8680000
chr22	47293045	47293545	3062	500	+	2	72	500	0.1440000
chr22	47295365	47295865	3063	500	+	6	181	500	0.3620000
chr22	47311688	47312188	3064	500	+	1	16	500	0.0320000
chr22	47330705	47331205	3065	500	+	111	500	500	1.0000000
chr22	47331525	47332085	3066	560	+	87	518	560	0.9250000
chr22	47484405	47484905	3067	500	+	6	158	500	0.3160000
chr22	47485545	47486085	3068	540	+	14	263	540	0.4870370
chr22	47486725	47487245	3069	520	+	17	294	520	0.5653846
chr22	47503265	47503865	3070	600	+	8	149	600	0.2483333
chr22	47525505	47526045	3071	540	+	15	258	540	0.4777778
chr22	47551465	47552005	3072	540	+	0	0	540	0.0000000
chr22	47702985	47703545	3073	560	+	5	159	560	0.2839286
chr22	47724485	47725005	3074	520	+	1	36	520	0.0692308
chr22	47733005	47733505	3075	500	+	5	176	500	0.3520000
chr22	47741070	47741570	3076	500	+	3	91	500	0.1820000
chr22	47847865	47848385	3077	520	+	1	36	520	0.0692308
chr22	47882610	47883110	3078	500	+	4	134	500	0.2680000
chr22	48022625	48023125	3079	500	+	2	36	500	0.0720000
chr22	48027068	48027685	3080	617	+	87	569	617	0.9222042
chr22	48041045	48041545	3081	500	+	22	366	500	0.7320000
chr22	48059505	48060085	3082	580	+	22	485	580	0.8362069
chr22	48073805	48074325	3083	520	+	20	351	520	0.6750000
chr22	48093525	48094045	3084	520	+	3	108	520	0.2076923
chr22	48109685	48110225	3085	540	+	16	373	540	0.6907408
chr22	48112525	48113045	3086	520	+	7	157	520	0.3019231
chr22	48170845	48171385	3087	540	+	2	72	540	0.1333333
chr22	48175185	48175685	3088	500	+	6	135	500	0.2700000
chr22	48233385	48233885	3089	500	+	2	72	500	0.1440000
chr22	48246645	48247145	3090	500	+	1	36	500	0.0720000
chr22	48485785	48486285	3091	500	+	1	36	500	0.0720000
chr22	48942949	48943449	3092	500	+	0	0	500	0.0000000
chr22	48971867	48972367	3093	500	+	0	0	500	0.0000000
chr22	49262331	49262831	3094	500	+	2	72	500	0.1440000
chr22	49599485	49600005	3095	520	+	2	72	520	0.1384615
chr22	49677805	49678325	3096	520	+	3	76	520	0.1461539
chr22	49700985	49701485	3097	500	+	2	72	500	0.1440000
chr22	49764965	49765505	3098	540	+	0	0	540	0.0000000
chr22	49768505	49769025	3099	520	+	0	0	520	0.0000000
chr22	49816185	49816685	3100	500	+	1	36	500	0.0720000
chr22	49839205	49839765	3101	560	+	3	49	560	0.0875000
chr22	49844125	49844645	3102	520	+	4	133	520	0.2557692
chr22	49856485	49857005	3103	520	+	0	0	520	0.0000000
chr22	49874825	49875325	3104	500	+	1	36	500	0.0720000
chr22	49883885	49884385	3105	500	+	3	98	500	0.1960000
chr22	49895665	49896205	3106	540	+	2	72	540	0.1333333
chr22	49897145	49897645	3107	500	+	2	72	500	0.1440000
chr22	49919405	49919905	3108	500	+	5	176	500	0.3520000
chr22	50048905	50049405	3109	500	+	3	90	500	0.1800000
chr22	50050925	50051745	3110	820	+	49	576	820	0.7024390
chr22	50098105	50098605	3111	500	+	3	84	500	0.1680000
chr22	50117705	50118205	3112	500	+	1	36	500	0.0720000
chr22	50118405	50118925	3113	520	+	0	0	520	0.0000000
chr22	50145505	50146065	3114	560	+	5	156	560	0.2785714
chr22	50160885	50161385	3115	500	+	2	72	500	0.1440000
chr22	50179565	50180085	3116	520	+	7	177	520	0.3403846
chr22	50199765	50200425	3117	660	+	10	284	660	0.4303030
chr22	50201725	50202225	3118	500	+	147	500	500	1.0000000
chr22	50203845	50204345	3119	500	+	2	72	500	0.1440000
chr22	50219298	50220065	3120	767	+	24	410	767	0.5345502
chr22	50232385	50232965	3121	580	+	1	36	580	0.0620690
chr22	50247025	50247746	3122	721	+	29	312	721	0.4327323
chr22	50265045	50265565	3123	520	+	2	50	520	0.0961538
chr22	50265925	50266425	3124	500	+	16	289	500	0.5780000
chr22	50310905	50311405	3125	500	+	8	156	500	0.3120000
chr22	50311856	50312527	3126	671	+	24	362	671	0.5394933
chr22	50324465	50324965	3127	500	+	4	126	500	0.2520000
chr22	50326905	50327405	3128	500	+	1	36	500	0.0720000
chr22	50327745	50328265	3129	520	+	8	206	520	0.3961538
chr22	50328765	50329285	3130	520	+	2	72	520	0.1384615
chr22	50329625	50330125	3131	500	+	5	134	500	0.2680000
chr22	50338945	50339465	3132	520	+	4	109	520	0.2096154
chr22	50353745	50354392	3133	647	+	31	486	647	0.7511592
chr22	50355905	50356425	3134	520	+	29	268	520	0.5153846
chr22	50360525	50361045	3135	520	+	9	255	520	0.4903846
chr22	50364385	50364885	3136	500	+	35	381	500	0.7620000
chr22	50414685	50415245	3137	560	+	2	44	560	0.0785714
chr22	50417945	50418505	3138	560	+	2	72	560	0.1285714
chr22	50430225	50430725	3139	500	+	1	15	500	0.0300000
chr22	50437385	50437885	3140	500	+	22	316	500	0.6320000
chr22	50440285	50440805	3141	520	+	6	157	520	0.3019231
chr22	50450805	50451305	3142	500	+	1	36	500	0.0720000
chr22	50468625	50469145	3143	520	+	3	108	520	0.2076923
chr22	50499985	50500485	3144	500	+	0	0	500	0.0000000
chr22	50517105	50517605	3145	500	+	1	36	500	0.0720000
chr22	50523531	50524605	3146	1074	+	30	704	1074	0.6554935
chr22	50528184	50528684	3147	500	+	0	0	500	0.0000000
chr22	50540525	50541025	3148	500	+	4	123	500	0.2460000
chr22	50541305	50541805	3149	500	+	4	117	500	0.2340000
chr22	50542365	50542925	3150	560	+	14	259	560	0.4625000
chr22	50544105	50544625	3151	520	+	9	230	520	0.4423077
chr22	50555485	50556005	3152	520	+	38	326	520	0.6269231
chr22	50557005	50557545	3153	540	+	126	523	540	0.9685185
chr22	50557745	50558245	3154	500	+	153	500	500	1.0000000
chr22	50558505	50559005	3155	500	+	6	192	500	0.3840000
chr22	50578485	50579045	3156	560	+	10	249	560	0.4446429
chr22	50585085	50585585	3157	500	+	1	36	500	0.0720000
chr22	50587465	50587965	3158	500	+	1	36	500	0.0720000
chr22	50589085	50589585	3159	500	+	2	72	500	0.1440000
chr22	50606085	50606585	3160	500	+	1	36	500	0.0720000
chr22	50608345	50608885	3161	540	+	8	207	540	0.3833333
chr22	50608909	50609409	3162	500	+	4	118	500	0.2360000
chr22	50623965	50624590	3163	625	+	30	248	625	0.3968000
chr22	50628665	50629185	3164	520	+	33	447	520	0.8596154
chr22	50639085	50639657	3165	572	+	11	236	572	0.4125874
chr22	50642965	50643505	3166	540	+	1	36	540	0.0666667
chr22	50648245	50648745	3167	500	+	1	36	500	0.0720000
chr22	50657725	50658225	3168	500	+	1	36	500	0.0720000
chr22	50679465	50680425	3169	960	+	8	226	960	0.2354167
chr22	50682185	50682685	3170	500	+	52	457	500	0.9140000
chr22	50682765	50683765	3171	1000	+	116	930	1000	0.9300000
chr22	50686085	50686585	3172	500	+	7	196	500	0.3920000
chr22	50688865	50689365	3173	500	+	22	390	500	0.7800000
chr22	50689525	50690084	3174	559	+	5	80	559	0.1431127
chr22	50691885	50692465	3175	580	+	2	72	580	0.1241379
chr22	50699325	50699845	3176	520	+	36	424	520	0.8153846
chr22	50699989	50700565	3177	576	+	6	201	576	0.3489583
chr22	50700885	50701385	3178	500	+	21	404	500	0.8080000
chr22	50706005	50706505	3179	500	+	1	36	500	0.0720000
chr22	50707825	50709565	3180	1740	+	15	380	1740	0.2183908
chr22	50710005	50710505	3181	500	+	1	26	500	0.0520000
chr22	50742885	50743425	3182	540	+	5	149	540	0.2759259
chr22	50744265	50744765	3183	500	+	21	402	500	0.8040000
chr22	50745751	50746325	3184	574	+	2	71	574	0.1236934
chr22	50746945	50747465	3185	520	+	16	308	520	0.5923077
chr22	50752725	50753245	3186	520	+	23	424	520	0.8153846
chr22	50757445	50757985	3187	540	+	25	334	540	0.6185185
chr22	50765239	50765825	3188	586	+	37	333	586	0.5682594
chr22	50768725	50769225	3189	500	+	12	192	500	0.3840000
chr22	50769325	50769825	3190	500	+	64	400	500	0.8000000
chr22	50778805	50779385	3191	580	+	12	337	580	0.5810345
chr22	50779845	50780345	3192	500	+	3	108	500	0.2160000
chr22	50780625	50781145	3193	520	+	24	398	520	0.7653846
chr22	50781495	50781995	3194	500	+	27	326	500	0.6520000
chr22	50804885	50805385	3195	500	+	4	143	500	0.2860000
chr22	50888005	50888525	3196	520	+	5	160	520	0.3076923
chr22	50891565	50892085	3197	520	+	15	269	520	0.5173077
chr22	50908185	50908745	3198	560	+	1	36	560	0.0642857
chr22	50913250	50913805	3199	555	+	6	167	555	0.3009009
chr22	50919645	50920402	3200	757	+	5	178	757	0.2351387
chr22	50924962	50925462	3201	500	+	2	40	500	0.0800000
chr22	50936565	50937385	3202	820	+	19	451	820	0.5500000
chr22	50938845	50939345	3203	500	+	6	203	500	0.4060000
chr22	50945885	50947385	3204	1500	+	178	1062	1500	0.7080000
chr22	50948185	50948685	3205	500	+	22	190	500	0.3800000
chr22	50962925	50963425	3206	500	+	26	399	500	0.7980000
chr22	50963783	50964745	3207	962	+	54	663	962	0.6891892
chr22	50965205	50965705	3208	500	+	48	481	500	0.9620000
chr22	50968264	50968764	3209	500	+	0	0	500	0.0000000
chr22	50970758	50971258	3210	500	+	0	0	500	0.0000000
chr22	50971745	50972265	3211	520	+	8	203	520	0.3903846
chr22	50972565	50973205	3212	640	+	7	137	640	0.2140625
chr22	50977565	50978445	3213	880	+	37	585	880	0.6647727
chr22	50979165	50979785	3214	620	+	2	72	620	0.1161290
chr22	50980005	50980505	3215	500	+	2	72	500	0.1440000
chr22	50986211	50986711	3216	500	+	0	0	500	0.0000000
chr22	51001125	51001631	3217	506	+	7	165	506	0.3260870
chr22	51007125	51007625	3218	500	+	6	181	500	0.3620000
chr22	51014465	51014965	3219	500	+	2	72	500	0.1440000
chr22	51016846	51017346	3220	500	+	2	36	500	0.0720000
chr22	51020805	51021705	3221	900	+	54	596	900	0.6622222
chr22	51038863	51039363	3222	500	+	0	0	500	0.0000000
chr22	51050725	51051225	3223	500	+	5	180	500	0.3600000
chr22	51052045	51052545	3224	500	+	3	87	500	0.1740000
chr22	51058785	51059545	3225	760	+	2	23	760	0.0302632
chr22	51066351	51066985	3226	634	+	15	297	634	0.4684543
chr22	51112819	51113319	3227	500	+	0	0	500	0.0000000
chr22	51129865	51130425	3228	560	+	3	108	560	0.1928571
chr22	51170465	51171025	3229	560	+	5	179	560	0.3196429
chr22	51176347	51176901	3230	554	+	2	72	554	0.1299639
chr22	51195325	51196145	3231	820	+	1	36	820	0.0439024
chr22	51198405	51198905	3232	500	+	0	0	500	0.0000000
chr22	51213425	51213925	3233	500	+	0	0	500	0.0000000
chr22	51221785	51222406	3234	621	+	1	36	621	0.0579710
chr22	51225305	51225805	3235	500	+	0	0	500	0.0000000
chr22	51239405	51239905	3236	500	+	0	0	500	0.0000000
